     7.0710678119E-01
    -9.0842611048E-03
    -6.3819638529E-02
    -1.5675928223E-01
     2.5621993511E-01
     3.3232371086E-01
     3.7656624516E-01
     3.9601876465E-01
     3.9967227842E-01
     3.9383016668E-01
     3.8256093317E-01
     3.6873175841E-01
     3.5458691523E-01
     3.4194458885E-01
    -3.3221696574E-01
    -3.2641284887E-01
     3.2520617424E-01
     3.2906262644E-01
    -3.3829416915E-01
    -3.5258249996E-01
    -3.6837140605E-01
    -3.7036923070E-01
     3.2142881911E-01
     1.9776666631E-01
     5.9583211235E-02
    -2.9804873361E-02
    -7.2655907938E-02
    -8.7505748368E-02
     8.6355306146E-02
     7.5538513902E-02
    -5.8761861301E-02
     3.9058666585E-02
     1.9904033991E-02
     5.5036702269E-03
    -3.1314052600E-31
    -7.2332723421E-01
    -2.1550631394E-01
    -2.7849118832E-01
    -3.7928406350E-01
    -4.5957010761E-01
    -4.9977775356E-01
    -5.0726671567E-01
    -4.9519463830E-01
    -4.7276898900E-01
    -4.4533817463E-01
    -4.1623049205E-01
     3.8786249455E-01
     3.6213636973E-01
     3.4049112481E-01
    -3.2387959848E-01
    -3.1280982429E-01
     3.0746294445E-01
     3.0779441934E-01
    -3.1337138474E-01
    -3.2220937587E-01
    -3.2674973329E-01
    -3.0716558090E-01
     2.4152108582E-01
     1.4573711723E-01
     6.2397682034E-02
     8.9917792085E-03
    -1.9377279953E-02
    -3.0995624199E-02
     3.1810018131E-02
     2.5743657117E-02
     1.5854339459E-02
     5.2022662143E-03
    -2.8868670319E-03
     5.9534576700E-03
    -7.6541406665E-01
     5.0744315583E-01
     5.2529334173E-01
     5.8715059117E-01
    -6.2156866747E-01
    -6.2111113326E-01
    -5.9710512478E-01
    -5.6047440482E-01
    -5.1804205372E-01
    -4.7389793655E-01
    -4.3084611159E-01
    -3.9107359651E-01
    -3.5628988046E-01
    -3.2767641571E-01
     3.0587199663E-01
    -2.9105908149E-01
     2.8307314202E-01
     2.8136633752E-01
    -2.8453925442E-01
    -2.8884563497E-01
    -2.8529876312E-01
    -2.6010904627E-01
    -2.0880835386E-01
     1.4731088165E-01
     9.4521016634E-02
     5.7365883175E-02
     3.4510372678E-02
     2.2504486745E-02
    -1.8096878158E-02
    -1.8465507272E-02
     2.0956985779E-02
     2.3079061470E-02
    -2.3418326181E-02
     8.1356190925E-01
     7.3214132567E-01
     7.2029712014E-01
     7.3111686627E-01
     7.2221506077E-01
     6.9148218285E-01
    -6.4639618417E-01
    -5.9352042054E-01
    -5.3725894757E-01
    -4.8073519965E-01
    -4.2653471830E-01
    -3.7695974013E-01
    -3.3394428747E-01
     2.9890003162E-01
     2.7270368771E-01
    -2.5581847664E-01
    -2.4829825009E-01
    -2.4932909338E-01
    -2.5624503931E-01
    -2.6357333959E-01
    -2.6305164401E-01
     2.4681308777E-01
     2.1443796324E-01
     1.7456019851E-01
     1.3704008697E-01
     1.0708963608E-01
     8.5647373641E-02
     7.1550485901E-02
     6.2897958317E-02
    -5.7612157513E-02
    -5.3798780635E-02
    -5.0443145671E-02
    -8.4684640122E-01
    -8.2861092804E-01
    -8.1327894340E-01
    -7.9469158849E-01
    -7.6143737882E-01
     7.1482834214E-01
     6.5902298798E-01
     5.9742105851E-01
    -5.3248658148E-01
    -4.6637562803E-01
    -4.0151278688E-01
    -3.4078416135E-01
     2.8724759223E-01
     2.4367989520E-01
     2.1250498014E-01
    -1.9618060355E-01
    -1.9703260524E-01
    -2.1434622991E-01
    -2.3962880396E-01
    -2.6013271028E-01
    -2.6805603282E-01
    -2.6079320698E-01
     2.3984883453E-01
     2.1084630873E-01
     1.8050310723E-01
     1.5346007248E-01
     1.3158990786E-01
    -1.1481974556E-01
    -1.0210249393E-01
    -9.2169448443E-02
    -8.4232419202E-02
    -8.5867464617E-01
    -8.4999771537E-01
    -8.3087148601E-01
    -7.9998228296E-01
    -7.5726759743E-01
    -7.0526199790E-01
    -6.4624046502E-01
     5.8139545709E-01
     5.1108536591E-01
    -4.3564708091E-01
    -3.5669435966E-01
    -2.7826509116E-01
     2.0644568663E-01
     1.4744052764E-01
    -1.0672323042E-01
    -9.1507944890E-02
    -1.1490487018E-01
    -1.8354794373E-01
    -2.5179607157E-01
    -2.8296206672E-01
    -2.9139885230E-01
    -2.8604073361E-01
    -2.6958657250E-01
     2.4561772775E-01
     2.1877970707E-01
    -1.9291553887E-01
    -1.7010328451E-01
    -1.5087189520E-01
    -1.3490993577E-01
    -1.2182538028E-01
    -8.5286394039E-01
    -8.4018774790E-01
    -8.1542186219E-01
    -7.7950682012E-01
    -7.3481800874E-01
    -6.8348222183E-01
    -6.2631646745E-01
    -5.6249083350E-01
    -4.8945498490E-01
    -4.0356112520E-01
    -3.0299186948E-01
    -1.9360370172E-01
     9.0343601482E-02
     6.8668996059E-03
     5.1963812777E-02
     8.2589239386E-02
     5.4974235057E-02
     1.8155174269E-01
     2.9942928147E-01
    -3.0917700102E-01
    -3.1125459849E-01
    -3.0600394299E-01
    -2.9234235463E-01
    -2.7178544355E-01
    -2.4746752887E-01
    -2.2252095916E-01
    -1.9905815863E-01
    -1.7808813524E-01
    -1.5999432291E-01
    -8.3472516356E-01
    -8.1750450157E-01
    -7.8956721034E-01
    -7.5342715557E-01
    -7.1164551571E-01
    -6.6564123518E-01
    -6.1523737912E-01
     5.5815412935E-01
     4.8879814256E-01
    -3.9634618872E-01
    -2.6664217360E-01
    -1.0461247701E-01
    -4.2640289230E-02
     1.4341122691E-01
     2.0873683996E-01
     2.5605200922E-01
    -2.9439061704E-01
    -1.1593316719E-02
     2.5698749690E-01
    -2.9533402083E-01
    -3.0926512910E-01
    -3.1057567377E-01
    -3.0180889688E-01
    -2.8519986390E-01
    -2.6362439649E-01
    -2.3998238570E-01
    -2.1652884586E-01
    -1.9473266026E-01
    -8.0844231748E-01
    -7.8884776943E-01
    -7.6122366288E-01
    -7.2854792455E-01
    -6.9288835986E-01
    -6.5511140817E-01
     6.1496640665E-01
     5.7072184222E-01
     5.1722919530E-01
    -4.3955445122E-01
    -2.9555567847E-01
     4.1340062953E-02
    -1.5845343701E-01
     2.4283069869E-01
     2.8016297460E-01
     2.8905121837E-01
     2.3648951629E-01
     3.6719825170E-02
    -1.6304908915E-01
    -2.5103339208E-01
    -2.8680539204E-01
    -2.9881793466E-01
    -2.9649146305E-01
    -2.8431288742E-01
    -2.6572765580E-01
    -2.4378522010E-01
    -2.2097557686E-01
    -7.7734739419E-01
    -7.5741600225E-01
    -7.3220794292E-01
    -7.0390208986E-01
    -6.7342347670E-01
     6.4107255139E-01
     6.0716410216E-01
     5.7191242279E-01
     5.3416225076E-01
    -4.8749193550E-01
    -3.9845792261E-01
    -6.6606514214E-02
     1.9408927408E-01
     2.5153017357E-01
     2.6253003945E-01
     2.3979130876E-01
     1.6383466227E-01
     2.4624474612E-02
    -1.1733185058E-01
    -2.0804113173E-01
    -2.5489914779E-01
    -2.7493806654E-01
    -2.7798548712E-01
    -2.6956559054E-01
    -2.5360691726E-01
    -2.3335902157E-01
    -7.4428217131E-01
    -7.2518105049E-01
    -7.0209101214E-01
    -6.7519204347E-01
     6.4403064784E-01
     6.0895895361E-01
     5.7131391983E-01
     5.3202458878E-01
     4.8941476988E-01
    -4.3493548560E-01
    -3.3686092664E-01
    -1.1529107189E-01
     9.9837869001E-02
     1.7907197182E-01
     1.9540941120E-01
     1.7180302044E-01
     1.0699466680E-01
     7.0965696816E-03
    -9.6659856063E-02
    -1.7437071328E-01
    -2.2105149484E-01
    -2.4365198278E-01
     2.4918649935E-01
     2.4277914532E-01
    -2.2838254962E-01
    -7.1156901332E-01
    -6.9340655889E-01
     6.6990786852E-01
     6.3929846106E-01
     6.0158317084E-01
     5.5926269690E-01
     5.1515376209E-01
     4.6986821541E-01
    -4.2042342753E-01
    -3.5871996757E-01
    -2.6934319890E-01
     1.3977138157E-01
    -4.6893499930E-03
     8.1030996722E-02
     1.1338456186E-01
     1.0383562880E-01
    -5.8840459738E-02
     1.1458766715E-02
    -8.6963157287E-02
     1.4835992409E-01
     1.8835002513E-01
     2.0860452614E-01
     2.1336050382E-01
     2.0676068912E-01
    -6.8080411629E-01
     6.6280413424E-01
     6.3568008812E-01
     5.9803856095E-01
     5.5316650236E-01
     5.0611438317E-01
     4.5979427561E-01
    -4.1391707105E-01
    -3.6564477977E-01
    -3.1021778754E-01
    -2.4195010989E-01
     1.5867435477E-01
    -7.0778666343E-02
     5.3100890290E-05
     3.8834987006E-02
     4.3189955439E-02
     1.7246272017E-02
     2.9582253845E-02
     8.2597815477E-02
     1.2779758772E-01
     1.5803284563E-01
    -1.7260700376E-01
    -1.7388003152E-01
    -6.5271961146E-01
     6.3379651268E-01
     6.0121380659E-01
     5.5698629148E-01
     5.0806230838E-01
    -4.6005630001E-01
    -4.1477349569E-01
    -3.7131538268E-01
    -3.2751895816E-01
    -2.8072697430E-01
     2.2844851661E-01
     1.6991668452E-01
    -1.0884156189E-01
    -5.4614136100E-02
    -1.8161242622E-02
    -5.8833799227E-03
    -1.7440957668E-02
    -4.6174895026E-02
    -8.1101831179E-02
    -1.1149581792E-01
    -1.3102398760E-01
    -1.3812788732E-01
    -6.2721034152E-01
     6.0664991124E-01
     5.6897139247E-01
     5.2062977211E-01
    -4.7038093348E-01
    -4.2301521460E-01
    -3.7943915652E-01
    -3.3870842798E-01
    -2.9926485133E-01
    -2.5940961949E-01
     2.1765481493E-01
     1.7344439074E-01
    -1.2836660875E-01
    -8.7085131131E-02
    -5.6347658208E-02
    -4.1754395363E-02
    -4.4547763031E-02
    -6.0500865348E-02
    -8.1503441670E-02
    -9.9251624676E-02
    -1.0846122436E-01
    -6.0347772590E-01
     5.8118627469E-01
     5.4002874811E-01
    -4.8969410441E-01
    -4.3911203124E-01
    -3.9227950562E-01
    -3.4986406816E-01
    -3.1115419755E-01
    -2.7495279474E-01
     2.3993306080E-01
     2.0495316193E-01
    -1.6954487521E-01
    -1.3458167862E-01
    -1.0278975265E-01
    -7.8352171134E-02
    -6.5116259021E-02
    -6.4164610234E-02
    -7.2450086646E-02
    -8.3762126635E-02
    -9.1599283145E-02
    -5.8018898569E-01
    -5.5635367149E-01
    -5.1319924985E-01
    -4.6181027743E-01
    -4.1075469280E-01
    -3.6381268355E-01
    -3.2184940324E-01
    -2.8438569112E-01
     2.5035547855E-01
     2.1854403677E-01
    -1.8797246859E-01
     1.5830079508E-01
     1.3022434786E-01
     1.0567331427E-01
    -8.7427755186E-02
    -7.7865292893E-02
    -7.7221693207E-02
    -8.2538816835E-02
    -8.8452375104E-02
    -5.5556725281E-01
    -5.3011748046E-01
    -4.8556252097E-01
    -4.3310817881E-01
    -3.8109851359E-01
    -3.3355706520E-01
    -2.9164157625E-01
     2.5494664328E-01
    -2.2236523113E-01
    -1.9270192648E-01
     1.6512515426E-01
     1.3950360054E-01
     1.1662215489E-01
     9.8156178585E-02
    -8.6175071945E-02
    -8.2043353146E-02
    -8.5042280198E-02
    -9.1652901737E-02
    -5.2735983354E-01
    -4.9961562427E-01
    -4.5327852078E-01
    -3.9924365012E-01
    -3.4595292947E-01
    -2.9779217563E-01
    -2.5600323197E-01
    -2.2001342067E-01
    -1.8856398548E-01
     1.6048299740E-01
     1.3514850222E-01
     1.1274049361E-01
     9.4310920281E-02
     8.1585707908E-02
    -7.6342793814E-02
    -7.9309257656E-02
    -8.8904049183E-02
    -4.9264637094E-01
     4.6119572379E-01
     4.1196218896E-01
     3.5578857686E-01
    -3.0142706426E-01
    -2.5330996518E-01
    -2.1229604144E-01
     1.7738488480E-01
     1.4713188717E-01
     1.2046806551E-01
     9.7091956897E-02
     7.7612079597E-02
     6.3488530453E-02
     5.6701850633E-02
    -5.9021914159E-02
    -7.0829182312E-02
    -4.4747524069E-01
     4.1020608514E-01
     3.5676582466E-01
     2.9856829852E-01
     2.4440333447E-01
    -1.9788736832E-01
     1.5888526050E-01
     1.2580878276E-01
     9.7114961514E-02
     7.1991083469E-02
     5.0598144420E-02
     3.4089529049E-02
     2.4445308795E-02
     2.4054497163E-02
    -3.4916047890E-02
    -3.8654105411E-01
     3.4111167546E-01
     2.8322594510E-01
     2.2501555412E-01
     1.7390779337E-01
    -1.3142217442E-01
    -9.6036398562E-02
    -6.5703646302E-02
     3.9031591980E-02
     1.5674625358E-02
    -3.6019220255E-03
    -1.7015981901E-02
    -2.2003709710E-02
     1.5648414695E-02
    -3.0414420588E-01
     2.5003384184E-01
     1.9093171060E-01
     1.3756097534E-01
     9.3525577454E-02
    -5.7544801477E-02
    -2.7054404466E-02
    -3.5472396421E-05
    -2.4408500004E-02
    -4.5959581321E-02
    -6.3164699170E-02
    -7.3609184906E-02
     7.4166226775E-02
    -1.9975801115E-01
     1.4234660725E-01
     8.9663041621E-02
     4.6792478549E-02
     1.2630053259E-02
    -1.5902438225E-02
     4.1444262371E-02
    -6.5449615814E-02
    -8.8078936046E-02
    -1.0827928586E-01
    -1.2394605064E-01
     1.3214604554E-01
    -8.7483150182E-02
     3.7574869070E-02
    -1.9968005788E-03
    -3.2389996472E-02
    -5.7141270125E-02
    -7.9460128414E-02
     1.0135940652E-01
     1.2352181178E-01
     1.4537480975E-01
    -1.6523378682E-01
     1.8050479188E-01
     8.6892980541E-03
    -4.4140096302E-02
    -6.9994295023E-02
    -9.0033385614E-02
    -1.0792005280E-01
    -1.2622444102E-01
    -1.4620995154E-01
    -1.6788137878E-01
     1.9012459904E-01
     2.1086017389E-01
     7.5248292610E-02
    -9.6455883663E-02
    -1.1146916280E-01
    -1.2417306327E-01
     1.3762471073E-01
     1.5368155283E-01
     1.7294294241E-01
     1.9491958406E-01
     2.1824522939E-01
     1.1284887180E-01
     1.2262810934E-01
     1.2963419169E-01
     1.3724385702E-01
     1.4787333020E-01
     1.6265804197E-01
     1.8156981672E-01
     2.0384174244E-01
     1.2681018777E-01
     1.2768818172E-01
     1.2874144430E-01
     1.3288305055E-01
     1.4179129430E-01
     1.5567445796E-01
     1.7391449085E-01
     1.2196461467E-01
     1.1592110008E-01
     1.1284602054E-01
     1.1511146270E-01
     1.2312945687E-01
     1.3590040450E-01
     1.0230634726E-01
     9.1428083405E-02
     8.6527467814E-02
     8.8610665676E-02
     9.5872994945E-02
     7.2332191771E-02
     5.9632439970E-02
     5.5848934664E-02
     5.8421848032E-02
    -3.8719821790E-02
    -2.8503953407E-02
     2.7531834359E-02
    -1.1089602646E-02
    -7.0719791778E-03
    -1.2493333150E-30
