     0.0000000000E+00
    -6.9741271010E-01
    -6.6566885706E-01
    -6.0300273290E-01
     5.0878411496E-01
     4.0326967687E-01
     3.1112382249E-01
     2.4289171986E-01
     1.9756801862E-01
     1.7027549328E-01
     1.5577336279E-01
     1.4934025909E-01
     1.4698639900E-01
     1.4559656774E-01
    -1.4299467900E-01
    -1.3782261754E-01
     1.2919102263E-01
     1.1608172482E-01
    -9.6388638426E-02
    -6.5318403489E-02
    -1.3089149336E-02
     7.4665819524E-02
    -1.9799453798E-01
    -3.0319753585E-01
    -3.2971245349E-01
    -3.0068771887E-01
    -2.5588644277E-01
    -2.1000804207E-01
     1.6598073610E-01
     1.2417768203E-01
    -8.5192518049E-02
     5.0619667962E-02
     2.3123656528E-02
     5.6998468017E-03
    -4.7262596654E-32
     4.6114283107E-17
    -6.9676509641E-01
    -6.6024605847E-01
    -5.7309002517E-01
    -4.5628328308E-01
    -3.4264050908E-01
    -2.5285713482E-01
    -1.9027238256E-01
    -1.5026927868E-01
    -1.2670798570E-01
    -1.1395446058E-01
     1.0730254498E-01
     1.0310279265E-01
     9.8817067335E-02
    -9.2921686867E-02
    -8.4610606303E-02
     7.3294921832E-02
     5.7848350649E-02
    -3.5457717005E-02
    -7.0747605793E-05
     5.7959533336E-02
     1.4341518588E-01
    -2.3343017711E-01
    -2.8489067268E-01
    -2.8825480747E-01
    -2.6421545036E-01
    -2.2946704671E-01
    -1.9116323772E-01
     1.5196373378E-01
     1.1328072039E-01
     7.6690823046E-02
     4.4505918561E-02
     1.9655866490E-02
    -4.6659515405E-03
     1.5559924969E-17
     5.9147115948E-01
     5.6681274625E-01
     4.6388595030E-01
    -3.4508902486E-01
    -2.4255312808E-01
    -1.6678974570E-01
    -1.1595551523E-01
    -8.4326208456E-02
    -6.5909586990E-02
    -5.5483272805E-02
    -4.8900284855E-02
    -4.3217830462E-02
    -3.6675504154E-02
     2.8492920015E-02
    -1.8500588376E-02
     6.5870341421E-03
    -8.1403788302E-03
     2.8519183532E-02
     6.0107846424E-02
     1.0859679908E-01
     1.6988511868E-01
     2.2333347046E-01
    -2.4976941828E-01
    -2.4891704057E-01
    -2.3032408794E-01
    -2.0211953548E-01
    -1.6902074619E-01
     1.3373462154E-01
     9.8312091715E-02
    -6.4971940414E-02
    -3.6385846893E-02
     1.5274007588E-02
     4.9590733340E-17
     3.7776661335E-01
     3.7871694643E-01
     2.9167833078E-01
     1.9605959130E-01
     1.1781355228E-01
    -6.1869782310E-02
    -2.5273859275E-02
    -2.9761703136E-03
     1.0080232678E-02
     1.8213587665E-02
     2.4672577311E-02
     3.1516138249E-02
    -3.9665046599E-02
    -4.9066035812E-02
     5.8934055133E-02
     6.8190383944E-02
     7.6450259719E-02
     8.5732932690E-02
     1.0129547468E-01
     1.2791685418E-01
    -1.6240872597E-01
    -1.9281452584E-01
    -2.0858969652E-01
    -2.0760779804E-01
    -1.9330051053E-01
    -1.7005801623E-01
    -1.4143114323E-01
    -1.1017441503E-01
     7.8769530675E-02
     4.9815404332E-02
     2.5990619283E-02
     2.2364591194E-17
    -1.8048769064E-01
    -1.7595027569E-01
    -1.1304488222E-01
    -4.6208636090E-02
    -7.2737522063E-03
    -4.4885969398E-02
    -6.9237991495E-02
     8.4290267935E-02
     9.3871766440E-02
     1.0105773833E-01
     1.0797848143E-01
    -1.1585720834E-01
    -1.2505315850E-01
    -1.3493420082E-01
     1.4348778914E-01
     1.4682952361E-01
     1.4030956833E-01
     1.2494032769E-01
     1.1263735856E-01
     1.1473422688E-01
     1.2999249224E-01
    -1.4830817870E-01
    -1.5991127666E-01
    -1.6040274966E-01
    -1.5012247762E-01
    -1.3154759965E-01
     1.0758657369E-01
     8.1059889360E-02
     5.4725351157E-02
     3.1293137803E-02
     9.4224024955E-17
    -5.4682475563E-02
    -2.8706323463E-02
     2.1265573324E-02
     6.8519880691E-02
     1.0500817256E-01
     1.3072404244E-01
    -1.4846674505E-01
    -1.6141215911E-01
     1.7185754593E-01
     1.8080254011E-01
     1.8848005219E-01
    -1.9538935255E-01
    -2.0267877749E-01
     2.1138928845E-01
     2.2072944423E-01
     2.2296906156E-01
     1.9356948679E-01
     1.2758181470E-01
     7.9403002630E-02
     6.6555347872E-02
     7.5087210573E-02
     9.0412603885E-02
    -1.0235343585E-01
    -1.0581977913E-01
     9.9961895359E-02
     8.6395189348E-02
     6.7738175361E-02
     4.6876549503E-02
     2.6659211005E-02
    -5.8162029126E-17
     1.1258837389E-02
     5.1658546716E-02
     9.4848289028E-02
     1.3024778363E-01
     1.5643488716E-01
     1.7603486590E-01
     1.9285817854E-01
     2.0989913431E-01
     2.2744601302E-01
     2.4182883418E-01
     2.4748220240E-01
    -2.4339550092E-01
    -2.3551600219E-01
     2.3129810956E-01
     2.3736274167E-01
     2.6377407904E-01
    -2.2203937260E-01
    -2.8969618788E-02
    -1.5638774088E-02
    -1.3922651971E-02
     2.5474226151E-03
     2.1949245976E-02
     3.7258329572E-02
     4.4751893387E-02
     4.3727127026E-02
     3.5615765428E-02
     2.2943632122E-02
     8.5779983392E-03
    -1.6565240062E-16
     3.8305348685E-02
     8.0270940640E-02
     1.1437184796E-01
     1.3828238659E-01
     1.5467155199E-01
     1.6854950306E-01
    -1.8554498750E-01
    -2.1012532578E-01
     2.4224740064E-01
     2.7006618243E-01
     2.6774434773E-01
    -2.2981054441E-01
     1.8372649029E-01
     1.4334242551E-01
     1.0133654969E-01
    -1.6943924956E-02
    -3.1040163967E-01
     1.9378581528E-01
    -1.4202064294E-01
    -1.0696728532E-01
    -7.6882662166E-02
    -5.1183772437E-02
    -3.1782558005E-02
    -2.0207714869E-02
    -1.6439042584E-02
    -1.8937036978E-02
    -2.5253469789E-02
     9.5695423727E-17
     4.1401384324E-02
     7.3202425303E-02
     9.1747200918E-02
     9.9018595465E-02
     1.0010939979E-01
    -1.0164915585E-01
    -1.1074191507E-01
    -1.3444353531E-01
     1.7881030764E-01
     2.3628278958E-01
    -2.2818434960E-01
    -1.2848462657E-01
     4.8221275325E-02
    -1.6061109485E-02
    -9.4179009942E-02
    -2.1770440452E-01
    -3.3230005610E-01
    -3.0147761867E-01
    -2.3832032595E-01
    -1.8956076376E-01
    -1.5198153481E-01
    -1.2242359300E-01
    -1.0029152499E-01
    -8.5606352936E-02
    -7.7713147934E-02
    -7.4979138316E-02
     3.1099805104E-17
     2.9576554727E-02
     4.1969618819E-02
     3.8057336650E-02
     2.2505841230E-02
    -1.9731983814E-03
     1.6705460830E-02
     2.8098636119E-02
     2.8715847493E-02
    -1.6367108995E-02
     8.9268483377E-03
    -8.2084834798E-03
    -8.2967936041E-02
    -1.2417153975E-01
    -1.6812602777E-01
    -2.2874614673E-01
    -3.0415837617E-01
    -3.5465499962E-01
    -3.4195766844E-01
    -2.9743582635E-01
    -2.5303421157E-01
    -2.1611263560E-01
    -1.8665432767E-01
    -1.6408805963E-01
    -1.4789386248E-01
    -1.3710703637E-01
     1.4266926905E-18
     8.3247553492E-03
    -4.8081298450E-03
    -3.4788883791E-02
     7.3842701346E-02
     1.1354304553E-01
     1.4789474684E-01
     1.7516984610E-01
     1.9811232667E-01
    -2.2436357696E-01
    -2.6719269888E-01
    -3.0910142635E-01
    -2.8285077087E-01
    -2.6622666186E-01
    -2.7772754796E-01
    -3.0942124867E-01
    -3.4878940692E-01
    -3.7246139574E-01
    -3.6403434845E-01
    -3.3374872863E-01
    -2.9872270751E-01
    -2.6707262959E-01
     2.4080036290E-01
     2.1995732169E-01
    -2.0398687917E-01
    -4.4296360016E-17
    -1.8343796516E-02
     5.8824830460E-02
     1.1196936029E-01
     1.6618656889E-01
     2.1263667274E-01
     2.4820421346E-01
     2.7469641497E-01
    -2.9657402590E-01
    -3.1905260372E-01
    -3.4449558427E-01
     3.6234485842E-01
    -3.5629478852E-01
    -3.4266757611E-01
    -3.4172256495E-01
    -3.5501221854E-01
     3.7378402289E-01
     3.8418611146E-01
    -3.7713814775E-01
     3.5607823392E-01
     3.3001562213E-01
     3.0506068695E-01
     2.8356848127E-01
     2.6592611176E-01
     2.3359692270E-17
     4.6567348215E-02
     1.1111446941E-01
     1.7869013578E-01
     2.3639530559E-01
     2.7886828061E-01
     3.0741017995E-01
    -3.2617659905E-01
    -3.3954732160E-01
    -3.5096952778E-01
    -3.6190370532E-01
     3.7036435735E-01
    -3.7262082942E-01
    -3.7038995190E-01
    -3.7066592116E-01
    -3.7690650148E-01
    -3.8570923908E-01
     3.8966263149E-01
     3.8357990585E-01
     3.6868810923E-01
     3.4992111826E-01
    -3.3140046445E-01
    -3.1507616418E-01
     6.3661862750E-17
     7.2301035452E-02
     1.5372947524E-01
     2.2627984693E-01
     2.8027534995E-01
    -3.1569622699E-01
    -3.3704917392E-01
    -3.4926514067E-01
    -3.5630363490E-01
    -3.6103243505E-01
     3.6523638782E-01
     3.6943237479E-01
    -3.7305889510E-01
    -3.7587188891E-01
    -3.7909884059E-01
    -3.8384599774E-01
    -3.8866570703E-01
    -3.8989341423E-01
    -3.8485240219E-01
    -3.7426327375E-01
    -3.6109175690E-01
    -3.4805776060E-01
    -6.9709920090E-17
     9.2088442459E-02
     1.8238654746E-01
     2.5403455122E-01
    -3.0279570916E-01
    -3.3269042882E-01
    -3.4954012979E-01
    -3.5818990855E-01
    -3.6216836327E-01
    -3.6400187327E-01
     3.6546133456E-01
     3.6759883759E-01
    -3.7071856484E-01
    -3.7460228915E-01
    -3.7896474957E-01
    -3.8339802524E-01
    -3.8668402689E-01
    -3.8686812891E-01
    -3.8276442161E-01
    -3.7515028239E-01
    -3.6607906810E-01
    -4.0796707560E-17
     1.0421710569E-01
     1.9718270460E-01
    -2.6594529307E-01
    -3.1083144975E-01
    -3.3780313581E-01
    -3.5285395732E-01
    -3.6048181624E-01
    -3.6383778813E-01
     3.6514298532E-01
     3.6597999975E-01
    -3.6740220691E-01
    -3.6991318435E-01
    -3.7345717213E-01
    -3.7752763351E-01
    -3.8126892428E-01
    -3.8348250502E-01
    -3.8295579358E-01
    -3.7932455305E-01
    -3.7355456798E-01
     5.0963299618E-16
    -1.0910745122E-01
    -2.0106355909E-01
    -2.6707964308E-01
    -3.0999868299E-01
    -3.3623000542E-01
    -3.5146929791E-01
    -3.5984114892E-01
     3.6417092962E-01
     3.6639969321E-01
    -3.6788911902E-01
     3.6956485538E-01
     3.7192028762E-01
     3.7496704310E-01
    -3.7823330352E-01
    -3.8084598977E-01
    -3.8173991216E-01
    -3.8014971336E-01
    -3.7625619001E-01
    -4.5208894719E-16
    -1.0862502296E-01
    -1.9783013654E-01
    -2.6180949366E-01
    -3.0419322990E-01
    -3.3107745545E-01
    -3.4772899539E-01
     3.5792856471E-01
    -3.6420904469E-01
    -3.6825551169E-01
     3.7122159494E-01
     3.7388680133E-01
     3.7666865429E-01
     3.7956434719E-01
    -3.8211660091E-01
    -3.8348833989E-01
    -3.8276038256E-01
    -3.7953612393E-01
    -6.9607888238E-17
    -1.0500103881E-01
    -1.9082450601E-01
    -2.5327685227E-01
    -2.9580431313E-01
    -3.2395194401E-01
    -3.4257520545E-01
    -3.5513593638E-01
    -3.6388476231E-01
     3.7026569334E-01
     3.7524415876E-01
     3.7946354959E-01
     3.8324775603E-01
     3.8652552541E-01
    -3.8877132094E-01
    -3.8907939206E-01
    -3.8655300533E-01
     5.4964700947E-16
     1.0004261910E-01
     1.8230898432E-01
     2.4324509751E-01
    -2.8584321185E-01
    -3.1519329469E-01
    -3.3580699401E-01
     3.5082390850E-01
     3.6220137714E-01
     3.7115002684E-01
     3.7846788582E-01
     3.8468108219E-01
     3.9001953537E-01
     3.9430475296E-01
    -3.9684226759E-01
    -3.9647263442E-01
    -7.9587072683E-17
     9.4762594014E-02
     1.7318836893E-01
     2.3196591125E-01
     2.7390888042E-01
    -3.0389835949E-01
     3.2612490229E-01
     3.4335802366E-01
     3.5724135998E-01
     3.6876669970E-01
     3.7859504808E-01
     3.8716289884E-01
     3.9461590084E-01
     4.0063971259E-01
    -4.0426097268E-01
    -2.0144350846E-16
     8.9221248646E-02
     1.6284019676E-01
     2.1811434463E-01
     2.5825760483E-01
    -2.8806086001E-01
    -3.1127975059E-01
    -3.3023757204E-01
     3.4626768079E-01
     3.6018910670E-01
     3.7257881813E-01
     3.8382288176E-01
     3.9400210965E-01
    -4.0265717552E-01
    -7.8792263066E-17
     8.2489827281E-02
     1.4934347641E-01
     1.9940468047E-01
     2.3658487555E-01
    -2.6531571005E-01
    -2.8871575808E-01
    -3.0864175040E-01
     3.2619352531E-01
     3.4211846294E-01
     3.5699025590E-01
     3.7118762805E-01
    -3.8474975772E-01
     3.3290002205E-16
     7.3266463972E-02
     1.3109775402E-01
     1.7459111720E-01
     2.0782103880E-01
     2.3442327693E-01
    -2.5681714724E-01
     2.7651176968E-01
     2.9454479304E-01
     3.1174968718E-01
     3.2879243530E-01
    -3.4606370653E-01
     2.1097790042E-17
     6.1551843898E-02
     1.0912406101E-01
     1.4526058362E-01
     1.7343580130E-01
     1.9638248919E-01
    -2.1598643766E-01
    -2.3363760442E-01
    -2.5054691311E-01
     2.6782775923E-01
    -2.8632638482E-01
     6.8394820362E-17
     4.9066547527E-02
     8.6353255042E-02
     1.1458731432E-01
     1.3640368205E-01
     1.5382760408E-01
     1.6846365901E-01
     1.8183695249E-01
    -1.9558135824E-01
    -2.1128614527E-01
     3.6026949297E-17
     3.7374693214E-02
     6.4927464285E-02
     8.4925870790E-02
    -9.9257150320E-02
    -1.0947510124E-01
    -1.1713895656E-01
    -1.2413661008E-01
    -1.3272384585E-01
     3.4841295075E-17
    -2.7002292913E-02
    -4.5557544747E-02
    -5.7277803562E-02
    -6.3429791433E-02
    -6.5305164282E-02
    -6.4639637609E-02
    -6.3854240721E-02
     2.3903151666E-17
    -1.7943509633E-02
    -2.8311537404E-02
    -3.1964598739E-02
    -2.9667467783E-02
    -2.2696848958E-02
    -1.3192695463E-02
    -3.5496780996E-17
    -1.0159513795E-02
    -1.3237395706E-02
    -9.2038905692E-03
     1.4660834998E-03
     1.7166410288E-02
     2.7498424705E-17
    -3.7752908450E-03
    -5.4774992051E-04
     1.0717301881E-02
     2.9359736591E-02
    -1.0929076827E-17
     9.3458537979E-04
     9.5568581814E-03
     2.7551173147E-02
     3.1963053416E-18
    -3.8255194984E-03
     1.7256809530E-02
     1.3662093263E-19
    -5.4760241357E-03
     4.0405879839E-47
