     0.0000000000E+00
     1.0292485570E+00
     4.1085163147E+00
     9.2113195767E+00
     1.6290130410E+01
     2.5271675665E+01
     3.6051089684E+01
     4.8485588528E+01
     6.2388434577E+01
     7.7524002617E+01
     9.3604737297E+01
     1.1029070722E+02
     1.2719231692E+02
     1.4387654327E+02
     1.5987682870E+02
     1.7470650614E+02
     1.8787536519E+02
     1.9890871474E+02
     2.0736807081E+02
     2.1287241663E+02
     2.1511885815E+02
     2.1390144295E+02
     2.0912693055E+02
     2.0082639877E+02
     1.8916174090E+02
     1.7442634561E+02
     1.5703954170E+02
     1.3753471934E+02
     1.1654138883E+02
     9.4761786764E+01
     7.2942968427E+01
     5.1845612507E+01
     3.2210993383E+01
     1.4727731178E+01
    -4.5861406597E-14
     0.0000000000E+00
     3.0472470975E+00
     8.0560453815E+00
     1.4953407386E+01
     2.3647267497E+01
     3.4022372716E+01
     4.5935155348E+01
     5.9208274852E+01
     7.3625596500E+01
     8.8928394186E+01
     1.0481352128E+02
     1.2093418840E+02
     1.3690382659E+02
     1.5230330795E+02
     1.6669155763E+02
     1.7961933525E+02
     1.9064570937E+02
     1.9935651137E+02
     2.0538385331E+02
     2.0842564201E+02
     2.0826393121E+02
     2.0478093420E+02
     1.9797157371E+02
     1.8795157521E+02
     1.7496030744E+02
     1.5935783145E+02
     1.4161592218E+02
     1.2230315878E+02
     1.0206452071E+02
     8.1596258462E+01
     6.1617107385E+01
     4.2837164506E+01
     2.5925933076E+01
     1.1481146177E+01
     0.0000000000E+00
     4.9452731999E+00
     1.1687646732E+01
     2.0113005720E+01
     3.0091898622E+01
     4.1475881702E+01
     5.4092944003E+01
     6.7742717602E+01
     8.2192237547E+01
     9.7173013837E+01
     1.1238011324E+02
     1.2747382520E+02
     1.4208431137E+02
     1.5581942306E+02
     1.6827563077E+02
     1.7905175921E+02
     1.8776497920E+02
     1.9406828999E+02
     1.9766854911E+02
     1.9834398433E+02
     1.9596006478E+02
     1.9048262236E+02
     1.8198720104E+02
     1.7066376959E+02
     1.5681615407E+02
     1.4085581912E+02
     1.2328993684E+02
     1.0470401076E+02
     8.5739650599E+01
     6.7068401727E+01
     4.9362801273E+01
     3.3266044397E+01
     1.9361783849E+01
     0.0000000000E+00
     6.6483685540E+00
     1.4860258053E+01
     2.4487940727E+01
     3.5373610029E+01
     4.7345988305E+01
     6.0216090954E+01
     7.3772868364E+01
     8.7779485904E+01
     1.0197097898E+02
     1.1605393571E+02
     1.2970871931E+02
     1.4259455523E+02
     1.5435758677E+02
     1.6464176239E+02
     1.7310217511E+02
     1.7942024649E+02
     1.8331995054E+02
     1.8458412223E+02
     1.8306980269E+02
     1.7872154707E+02
     1.7158166632E+02
     1.6179648980E+02
     1.4961791841E+02
     1.3539977653E+02
     1.1958875473E+02
     1.0271004620E+02
     8.5348100211E+01
     6.8123226465E+01
     5.1665065002E+01
     3.6584169535E+01
     2.3443121843E+01
     0.0000000000E+00
     8.0889216862E+00
     1.7448103238E+01
     2.7905539562E+01
     3.9285593202E+01
     5.1405633670E+01
     6.4071895218E+01
     7.7075290613E+01
     9.0187936749E+01
     1.0316110400E+02
     1.1572519789E+02
     1.2759222595E+02
     1.3846100510E+02
     1.4802513909E+02
     1.5598355773E+02
     1.6205317571E+02
     1.6598301677E+02
     1.6756897356E+02
     1.6666824883E+02
     1.6321245998E+02
     1.5721839289E+02
     1.4879546497E+02
     1.3814909916E+02
     1.2557941332E+02
     1.1147488244E+02
     9.6300920191E+01
     8.0583633574E+01
     6.4889312365E+01
     4.9800503279E+01
     3.5889769277E+01
     2.3692430284E+01
     0.0000000000E+00
     9.2092371469E+00
     1.9347483903E+01
     3.0229223765E+01
     4.1672559549E+01
     5.3495625063E+01
     6.5512272943E+01
     7.7527792517E+01
     8.9335409043E+01
     1.0071425155E+02
     1.1142935528E+02
     1.2123409517E+02
     1.2987524035E+02
     1.3710059176E+02
     1.4266893076E+02
     1.4636178401E+02
     1.4799631432E+02
     1.4743849423E+02
     1.4461562005E+02
     1.3952718857E+02
     1.3225319051E+02
     1.2295897523E+02
     1.1189600494E+02
     9.9398036403E+01
     8.5872530195E+01
     7.1787377744E+01
     5.7653335857E+01
     4.4002849282E+01
     3.1366204716E+01
     2.0246177306E+01
     0.0000000000E+00
     9.9637506117E+00
     2.0480782580E+01
     3.1363814388E+01
     4.2436817721E+01
     5.3530929079E+01
     6.4479701423E+01
     7.5114466028E+01
     8.5260551238E+01
     9.4735020865E+01
     1.0334645676E+02
     1.1089712778E+02
     1.1718767407E+02
     1.2202420634E+02
     1.2522749178E+02
     1.2664368739E+02
     1.2615590400E+02
     1.2369575323E+02
     1.1925395668E+02
     1.1288908695E+02
     1.0473356908E+02
     9.4996193669E+01
     8.3960576759E+01
     7.1979232895E+01
     5.9463195995E+01
     4.6867409041E+01
     3.4672391615E+01
     2.3362964579E+01
     1.3405046019E+01
     0.0000000000E+00
     1.0320810214E+01
     2.0799533221E+01
     3.1259356953E+01
     4.1542292938E+01
     5.1504317768E+01
     6.1009935150E+01
     6.9926944554E+01
     7.8122157820E+01
     8.5458701570E+01
     9.1795388929E+01
     9.6988450260E+01
     1.0089569354E+02
     1.0338293651E+02
     1.0433233166E+02
     1.0365200738E+02
     1.0128628955E+02
     9.7225659260E+01
     9.1515553748E+01
     8.4263133898E+01
     7.5641223684E+01
     6.5888771135E+01
     5.5307378909E+01
     4.4253693638E+01
     3.3127712273E+01
     2.2357343439E+01
     1.2379834475E+01
     3.6209219632E+00
     0.0000000000E+00
     1.0263959519E+01
     2.0286447088E+01
     2.9913325869E+01
     3.9016339262E+01
     4.7487230074E+01
     5.5231387556E+01
     6.2161822868E+01
     6.8194207424E+01
     7.3243585806E+01
     7.7223205170E+01
     8.0045698931E+01
     8.1626639026E+01
     8.1890244607E+01
     8.0776822141E+01
     7.8251328351E+01
     7.4312307070E+01
     6.9000364778E+01
     6.2405324856E+01
     5.4671240646E+01
     4.5998551142E+01
     3.6642825212E+01
     2.6909751091E+01
     1.7146274575E+01
     7.7280562656E+00
    -9.5631212545E-01
    -8.5236378388E+00
     0.0000000000E+00
     9.7926749132E+00
     1.8956318499E+01
     2.7371124331E+01
     3.4949272607E+01
     4.1627807950E+01
     4.7361188115E+01
     5.2114316311E+01
     5.5856781892E+01
     5.8558892508E+01
     6.0189896331E+01
     6.0718579623E+01
     6.0116198336E+01
     5.8361479261E+01
     5.5447222832E+01
     5.1387870991E+01
     4.6227282309E+01
     4.0045892192E+01
     3.2966434303E+01
     2.5157461587E+01
     1.6834028621E+01
     8.2550742992E+00
    -2.8273591908E-01
    -8.4546998354E+00
    -1.5921030336E+01
    -2.2342542385E+01
     0.0000000000E+00
     8.9225291779E+00
     1.6855773951E+01
     2.3724855194E+01
     2.9491631780E+01
     3.4146165001E+01
     3.7698040327E+01
     4.0168367375E+01
     4.1583169014E+01
     4.1968710209E+01
     4.1349118899E+01
     3.9746429756E+01
     3.7182953299E+01
     3.3685654279E+01
     2.9292030335E+01
     2.4056828908E+01
     1.8058838521E+01
     1.1406947905E+01
     4.2446867856E+00
    -3.2474548430E+00
    -1.0852491271E+01
    -1.8320561737E+01
    -2.5375852642E+01
    -3.1726717951E+01
    -3.7078640623E+01
     0.0000000000E+00
     7.6847730658E+00
     1.4061868503E+01
     1.9110398698E+01
     2.2849254185E+01
     2.5327042177E+01
     2.6612117842E+01
     2.6783531765E+01
     2.5923584872E+01
     2.4112503624E+01
     2.1425537018E+01
     1.7932548608E+01
     1.3699948001E+01
     8.7945936054E+00
     3.2891172142E+00
    -2.7320157065E+00
    -9.1664782741E+00
    -1.5888876561E+01
    -2.2747114057E+01
    -2.9560971929E+01
    -3.6123394303E+01
    -4.2204767313E+01
    -4.7560249627E+01
    -5.1939966245E+01
     0.0000000000E+00
     6.1253470340E+00
     1.0679573685E+01
     1.3702892171E+01
     1.5276329363E+01
     1.5510096562E+01
     1.4532339764E+01
     1.2479088873E+01
     9.4860700817E+00
     5.6828495331E+00
     1.1895532672E+00
    -3.8838253817E+00
    -9.4357474523E+00
    -1.5369500925E+01
    -2.1588214403E+01
    -2.7989221645E+01
    -3.4458548804E+01
    -4.0866296458E+01
    -4.7063626482E+01
    -5.2881943617E+01
    -5.8134691284E+01
    -6.2621972292E+01
    -6.6137972123E+01
     0.0000000000E+00
     4.3033552529E+00
     6.8382400030E+00
     7.7107629500E+00
     7.0666645708E+00
     5.0781525344E+00
     1.9314583314E+00
    -2.1840807353E+00
    -7.0847862436E+00
    -1.2598834888E+01
    -1.8569704830E+01
    -2.4856928488E+01
    -3.1334433072E+01
    -3.7886946599E+01
    -4.4405101352E+01
    -5.0779968275E+01
    -5.6897797502E+01
    -6.2635719538E+01
    -6.7859079873E+01
    -7.2420942935E+01
    -7.6164118705E+01
    -7.8925849948E+01
     0.0000000000E+00
     2.2890529127E+00
     2.6871532664E+00
     1.3685167431E+00
    -1.4565402698E+00
    -5.5561834386E+00
    -1.0690530359E+01
    -1.6623229006E+01
    -2.3130563780E+01
    -3.0007736601E+01
    -3.7072213216E+01
    -4.4164264815E+01
    -5.1145055423E+01
    -5.7892811394E+01
    -6.4297748075E+01
    -7.0256511152E+01
    -7.5666911159E+01
    -8.0423688050E+01
    -8.4415942019E+01
    -8.7526714201E+01
    -8.9635007627E+01
     0.0000000000E+00
     1.6141502062E-01
    -1.6096640407E+00
    -5.0714722242E+00
    -9.9520579758E+00
    -1.5965084720E+01
    -2.2824081887E+01
    -3.0254405476E+01
    -3.8002386270E+01
    -4.5841386366E+01
    -5.3574734574E+01
    -6.1035751210E+01
    -6.8085286569E+01
    -7.4607370762E+01
    -8.0503694263E+01
    -8.5687700926E+01
    -9.0079074808E+01
    -9.3599339788E+01
    -9.6169171771E+01
    -9.7707856103E+01
     0.0000000000E+00
    -1.9946302570E+00
    -5.8792281815E+00
    -1.1347887203E+01
    -1.8072748504E+01
    -2.5720740869E+01
    -3.3968294109E+01
    -4.2513339277E+01
    -5.1084146106E+01
    -5.9444802867E+01
    -6.7397398706E+01
    -7.4781206169E+01
    -8.1469366495E+01
    -8.7363739094E+01
    -9.2388679607E+01
    -9.6484552120E+01
    -9.9601758741E+01
    -1.0169598661E+02
    -1.0272523516E+02
     0.0000000000E+00
    -4.0912086251E+00
    -9.9457474193E+00
    -1.7199802900E+01
    -2.5478003382E+01
    -3.4410740733E+01
    -4.3648962061E+01
    -5.2875813376E+01
    -6.1814771862E+01
    -7.0234168165E+01
    -7.7948257251E+01
    -8.4815229153E+01
    -9.0732744285E+01
    -9.5631720138E+01
    -9.9469178648E+01
    -1.0222098226E+02
    -1.0387524180E+02
    -1.0442707524E+02
     0.0000000000E+00
    -6.0406432021E+00
    -1.3636940115E+01
    -2.2376103757E+01
    -3.1846087903E+01
    -4.1653067175E+01
    -5.1435868455E+01
    -6.0876821020E+01
    -6.9708762386E+01
    -7.7718208919E+01
    -8.4744956780E+01
    -9.0678603642E+01
    -9.5452660780E+01
    -9.9037048161E+01
    -1.0142982532E+02
    -1.0264900584E+02
    -1.0272523516E+02
     0.0000000000E+00
    -7.7586254906E+00
    -1.6790297979E+01
    -2.6644658404E+01
    -3.6885950389E+01
    -4.7110179427E+01
    -5.6958704770E+01
    -6.6127833453E+01
    -7.4374267795E+01
    -8.1516533790E+01
    -8.7432770472E+01
    -9.2055474000E+01
    -9.5363952316E+01
    -9.7375347658E+01
    -9.8135120189E+01
    -9.7707856103E+01
     0.0000000000E+00
    -9.1673032198E+00
    -1.9259075609E+01
    -2.9800929057E+01
    -4.0348084200E+01
    -5.0501688111E+01
    -5.9921062470E+01
    -6.8331570169E+01
    -7.5528079203E+01
    -8.1374279188E+01
    -8.5798350956E+01
    -8.8785688802E+01
    -9.0369516872E+01
    -9.0620318545E+01
    -8.9635007627E+01
     0.0000000000E+00
    -1.0198176828E+01
    -2.0917795854E+01
    -3.1675712515E+01
    -4.2034058850E+01
    -5.1615174150E+01
    -6.0111997768E+01
    -6.7293746208E+01
    -7.3006992621E+01
    -7.7172539801E+01
    -7.9778711381E+01
    -8.0871866897E+01
    -8.0545064999E+01
    -7.8925849948E+01
     0.0000000000E+00
    -1.0794702413E+01
    -2.1667076128E+01
    -3.2141737868E+01
    -4.1804380541E+01
    -5.0314764501E+01
    -5.7414754461E+01
    -6.2931372515E+01
    -6.6775134595E+01
    -6.8934202708E+01
    -6.9465103346E+01
    -6.8480921520E+01
    -6.6137972123E+01
     0.0000000000E+00
    -1.0914508562E+01
    -2.1437603243E+01
    -3.1118883931E+01
    -3.9584398132E+01
    -4.6547152816E+01
    -5.1812324942E+01
    -5.5277301613E+01
    -5.6926973740E+01
    -5.6824959709E+01
    -5.5101633622E+01
    -5.1939966245E+01
     0.0000000000E+00
    -1.0531147297E+01
    -2.0193112658E+01
    -2.8577825654E+01
    -3.5368036272E+01
    -4.0344839218E+01
    -4.3389636334E+01
    -4.4480838029E+01
    -4.3685888693E+01
    -4.1149436331E+01
    -3.7078640623E+01
     0.0000000000E+00
    -9.6353149159E+00
    -1.7932261489E+01
    -2.4541971615E+01
    -2.9219210708E+01
    -3.1826457488E+01
    -3.2332263072E+01
    -3.0804366556E+01
    -2.7398314191E+01
    -2.2342542385E+01
     0.0000000000E+00
    -8.2354963999E+00
    -1.4689321935E+01
    -1.9087612522E+01
    -2.1270859390E+01
    -2.1194156843E+01
    -1.8921685486E+01
    -1.4616087116E+01
    -8.5236378388E+00
     0.0000000000E+00
    -6.3580064961E+00
    -1.0533661746E+01
    -1.2342261374E+01
    -1.1721604052E+01
    -8.7281058526E+00
    -3.5272317245E+00
     3.6209219632E+00
     0.0000000000E+00
    -4.0464211041E+00
    -5.5680196115E+00
    -4.4812275310E+00
    -8.3013781295E-01
     5.2217155946E+00
     1.3405046019E+01
     0.0000000000E+00
    -1.3604133428E+00
     7.4375532383E-02
     4.2774726402E+00
     1.1092487737E+01
     2.0246177306E+01
     0.0000000000E+00
     1.6259709567E+00
     6.2337526503E+00
     1.3679708820E+01
     2.3692430284E+01
     0.0000000000E+00
     4.8265443425E+00
     1.2728688863E+01
     2.3443121843E+01
     0.0000000000E+00
     8.1456439415E+00
     1.9361783849E+01
     0.0000000000E+00
     1.1481146177E+01
     0.0000000000E+00
