     0.0000000000E+00
     6.9323875279E+00
     1.3724064800E+01
     2.0245704751E+01
     2.6389829477E+01
     3.2079506756E+01
     3.7274550633E+01
     4.1974677765E+01
     4.6219290007E+01
     5.0083798776E+01
     5.3672661484E+01
     5.7109547915E+01
     6.0525277924E+01
     6.4044355857E+01
     6.7771058767E+01
     7.1776104912E+01
     7.6084930483E+01
     8.0668534312E+01
     8.5437715553E+01
     9.0241335084E+01
     9.4868988894E+01
     9.9058205438E+01
     1.0250598565E+02
     1.0488421219E+02
     1.0585818236E+02
     1.0510728380E+02
     1.0234665074E+02
     9.7348521560E+01
     8.9961977580E+01
     8.0129779837E+01
     6.7901137288E+01
     5.3439429953E+01
     3.7024165046E+01
     1.9046749336E+01
    -1.8809133764E-13
     1.3864775056E+01
     2.0654285208E+01
     2.7160943531E+01
     3.3258916077E+01
     3.8846543979E+01
     4.3854364461E+01
     4.8250455383E+01
     5.2042635754E+01
     5.5277284494E+01
     5.8034788871E+01
     6.0421885524E+01
     6.2561393998E+01
     6.4580048942E+01
     6.6595298307E+01
     6.8702039444E+01
     7.0960305052E+01
     7.3384882503E+01
     7.5937753757E+01
     7.8524083760E+01
     8.0992271951E+01
     8.3138326910E+01
     8.4714543841E+01
     8.5442175865E+01
     8.5027511330E+01
     8.3180518504E+01
     7.9635012687E+01
     7.4169153152E+01
     6.6624999106E+01
     5.6925851781E+01
     4.5090185953E+01
     3.1241126075E+01
     1.5610642421E+01
    -1.4620802311E+00
    -1.9538330131E+01
     2.7448129599E+01
     3.3959090714E+01
     4.0046539306E+01
     4.5586824324E+01
     5.0482889478E+01
     5.4671643155E+01
     5.8128486692E+01
     6.0868616481E+01
     6.2944953895E+01
     6.4442807724E+01
     6.5471619533E+01
     6.6154366589E+01
     6.6615384196E+01
     6.6967506460E+01
     6.7299501665E+01
     6.7664789515E+01
     6.8072370576E+01
     6.8480775938E+01
     6.8795664115E+01
     6.8871463316E+01
     6.8517194320E+01
     6.7506328721E+01
     6.5590256976E+01
     6.2514678590E+01
     5.8038000232E+01
     5.1950651807E+01
     4.4094118089E+01
     3.4378443126E+01
     2.2797000681E+01
     9.4374363317E+00
    -5.5121294525E+00
    -2.1762302241E+01
    -3.8927389171E+01
     4.0491409502E+01
     4.6606282046E+01
     5.2161086367E+01
     5.7033160186E+01
     6.1129004434E+01
     6.4391016681E+01
     6.6801231598E+01
     6.8381768937E+01
     6.9191934448E+01
     6.9322168806E+01
     6.8885277308E+01
     6.8005582440E+01
     6.6806808142E+01
     6.5399616822E+01
     6.3869769899E+01
     6.2267865441E+01
     6.0601522644E+01
     5.8830736846E+01
     5.6866929040E+01
     5.4575972803E+01
     5.1785213964E+01
     4.8294221459E+01
     4.3888739294E+01
     3.8357067148E+01
     3.1507897073E+01
     2.3188489987E+01
     1.3301998722E+01
     1.8227409994E+00
    -1.1191702034E+01
    -2.5592540672E+01
    -4.1136752333E+01
    -5.7489479175E+01
     5.2779658955E+01
     5.8408467274E+01
     6.3346828042E+01
     6.7472003508E+01
     7.0693180571E+01
     7.2957569578E+01
     7.4253371684E+01
     7.4609402217E+01
     7.4091406273E+01
     7.2795349114E+01
     7.0838191220E+01
     6.8346850540E+01
     6.5446199313E+01
     6.2247029625E+01
     5.8834944157E+01
     5.5261084185E+01
     5.1535497781E+01
     4.7623783859E+01
     4.3447432282E+01
     3.8888030247E+01
     3.3795236541E+01
     2.7998155275E+01
     2.1319487139E+01
     1.3591616003E+01
     4.6736168868E+00
    -5.5319396707E+00
    -1.7063553495E+01
    -2.9887865273E+01
    -4.3890260040E+01
    -5.8869856977E+01
    -7.4539503764E+01
     6.4159013511E+01
     6.9246510217E+01
     7.3520666320E+01
     7.6857760745E+01
     7.9168983808E+01
     8.0405888088E+01
     8.0562582037E+01
     7.9674542485E+01
     7.7814172395E+01
     7.5083470864E+01
     7.1604397165E+01
     6.7507684892E+01
     6.2920984163E+01
     5.7957270716E+01
     5.2704456039E+01
     4.7217062137E+01
     4.1510692123E+01
     3.5559841693E+01
     2.9299368391E+01
     2.2629679936E+01
     1.5425436449E+01
     7.5473015164E+00
    -1.1439589256E+00
    -1.0771926844E+01
    -2.1428570742E+01
    -3.3158989897E+01
    -4.5947988536E+01
    -5.9709538193E+01
    -7.4280049608E+01
    -8.9416174490E+01
     7.4549101267E+01
     7.9079055243E+01
     8.2680676320E+01
     8.5228551156E+01
     8.6635408885E+01
     8.6856893939E+01
     8.5892968989E+01
     8.3785914483E+01
     8.0615140453E+01
     7.6489258901E+01
     7.1536065272E+01
     6.5891231919E+01
     5.9686614400E+01
     5.3039106267E+01
     4.6040946849E+01
     3.8752291163E+01
     3.1196697355E+01
     2.3359984668E+01
     1.5192676979E+01
     6.6159888250E+00
    -2.4689503447E+00
    -1.2169184961E+01
    -2.2586102410E+01
    -3.3800619743E+01
    -4.5858437308E+01
    -5.8756453762E+01
    -7.2431410690E+01
    -8.6751737383E+01
    -1.0151340162E+02
     8.3949355529E+01
     8.7945562574E+01
     9.0905818263E+01
     9.2702566474E+01
     9.3249873193E+01
     9.2507473415E+01
     9.0481350090E+01
     8.7220903362E+01
     8.2813014169E+01
     7.7373528510E+01
     7.1036872461E+01
     6.3944640996E+01
     5.6234077033E+01
     4.8027365723E+01
     3.9422612168E+01
     3.0487251999E+01
     2.1254471203E+01
     1.1722995543E+01
     1.8603649692E+00
    -8.3904491822E+00
    -1.9101479512E+01
    -3.0347877291E+01
    -4.2194527576E+01
    -5.4682128692E+01
    -6.7813781380E+01
    -8.1543145851E+01
    -9.5765167022E+01
    -1.1031024150E+02
     9.2438580014E+01
     9.5962433720E+01
     9.8348671569E+01
     9.9467477625E+01
     9.9234373828E+01
     9.7613475250E+01
     9.4617195971E+01
     9.0302556894E+01
     8.4764486794E+01
     7.8126717454E+01
     7.0531039219E+01
     6.2125793654E+01
     5.3054528058E+01
     4.3445719209E+01
     3.3404391989E+01
     2.3006318003E+01
     1.2295289065E+01
     1.2837332756E+00
    -1.0043307697E+01
    -2.1721075823E+01
    -3.3795346502E+01
    -4.6310722976E+01
    -5.9297838049E+01
    -7.2760440860E+01
    -8.6663397232E+01
    -1.0092261381E+02
    -1.1539780847E+02
     1.0016759755E+02
     1.0331231117E+02
     1.0522152753E+02
     1.0576347391E+02
     1.0485563650E+02
     1.0246714111E+02
     9.8617522658E+01
     9.3372128848E+01
     8.6834634960E+01
     7.9137341561E+01
     7.0430072189E+01
     6.0868574691E+01
     5.0603352228E+01
     3.9769806869E+01
     2.8480473117E+01
     1.6819957966E+01
     4.8429989456E+00
    -7.4241842301E+00
    -1.9979319284E+01
    -3.2836615572E+01
    -4.6016955433E+01
    -5.9536489748E+01
    -7.3394530643E+01
    -8.7561721003E+01
    -1.0196948107E+02
    -1.1650168418E+02
     1.0734532297E+02
     1.1022714377E+02
     1.1177667452E+02
     1.1186100074E+02
     1.1040054179E+02
     1.0737045885E+02
     1.0279841272E+02
     9.6759011837E+01
     8.9365511154E+01
     8.0759500568E+01
     7.1099444806E+01
     6.0548998758E+01
     4.9266018406E+01
     3.7393119158E+01
     2.5050505097E+01
     1.2331613503E+01
    -6.9809895492E-01
    -1.3999143832E+01
    -2.7552927197E+01
    -4.1354019468E+01
    -5.5400387743E+01
    -6.9682382884E+01
    -8.4171393887E+01
    -9.8809140269E+01
    -1.1349856442E+02
     1.1421909583E+02
     1.1696608486E+02
     1.1828215925E+02
     1.1803467856E+02
     1.1614849202E+02
     1.1260626234E+02
     1.0744512788E+02
     1.0075013829E+02
     9.2645105794E+01
     8.3281672794E+01
     7.2827496771E+01
     6.1454489421E+01
     4.9328017284E+01
     3.6597877869E+01
     2.3391715653E+01
     9.8113465020E+00
    -4.0677693705E+00
    -1.8193911295E+01
    -3.2533590053E+01
    -4.7063628226E+01
    -6.1761506350E+01
    -7.6594803092E+01
    -9.1510651630E+01
    -1.0642616429E+02
     1.2105055585E+02
     1.2378970215E+02
     1.2499467794E+02
     1.2453520995E+02
     1.2234265495E+02
     1.1840911876E+02
     1.1278293380E+02
     1.0556102472E+02
     9.6878882520E+01
     8.6899004761E+01
     7.5798734943E+01
     6.3758443851E+01
     5.0950939591E+01
     3.7532875974E+01
     2.3638759165E+01
     9.3779420352E+00
    -5.1652410498E+00
    -1.9928292908E+01
    -3.4864659354E+01
    -4.9935672199E+01
    -6.5101057578E+01
    -8.0308865002E+01
    -9.5485739848E+01
     1.2808871171E+02
     1.3093229730E+02
     1.3213151720E+02
     1.3156128952E+02
     1.2916216769E+02
     1.2493812889E+02
     1.1895077785E+02
     1.1131058864E+02
     1.0216597890E+02
     9.1691125230E+01
     8.0073477703E+01
     6.7501913931E+01
     5.4156391501E+01
     4.0199817156E+01
     2.5772662966E+01
     1.0990636570E+01
    -4.0545300527E+00
    -1.9291354206E+01
    -3.4662350853E+01
    -5.0115869578E+01
    -6.5596791715E+01
    -8.1036961993E+01
     1.3554211753E+02
     1.3857433695E+02
     1.3984360526E+02
     1.3923360830E+02
     1.3669739507E+02
     1.3225370985E+02
     1.2597983834E+02
     1.1800168046E+02
     1.0848191399E+02
     9.7607201506E+01
     8.5575415409E+01
     7.2583811133E+01
     5.8818970886E+01
     4.4449178349E+01
     2.9619679552E+01
     1.4451051518E+01
    -9.5934593172E-01
    -1.6533101557E+01
    -3.2204154438E+01
    -4.7910537999E+01
    -6.3585274250E+01
     1.4355220982E+02
     1.4681706932E+02
     1.4819173910E+02
     1.4757298093E+02
     1.4493020661E+02
     1.4030023456E+02
     1.3377870489E+02
     1.2550895298E+02
     1.1566926821E+02
     1.0445952705E+02
     9.2088182895E+01
     7.8760523235E+01
     6.4668971930E+01
     4.9986031689E+01
     3.4860241775E+01
     1.9415283915E+01
     3.7521221181E+00
    -1.2046173644E+01
    -2.7907477982E+01
    -4.3762259246E+01
     1.5216986097E+02
     1.5566133366E+02
     1.5712791821E+02
     1.5648442299E+02
     1.5372097149E+02
     1.4889607652E+02
     1.4212656839E+02
     1.3357525849E+02
     1.2343732103E+02
     1.1192640889E+02
     9.9261484522E+01
     8.5655247064E+01
     7.1304879996E+01
     5.6385641946E+01
     4.1047590079E+01
     2.5415477533E+01
     9.5916204227E+00
    -6.3386973995E+00
    -2.2299906869E+01
     1.6133706862E+02
     1.6499236666E+02
     1.6648344747E+02
     1.6574867698E+02
     1.6280358550E+02
     1.5773217276E+02
     1.5067531653E+02
     1.4181724147E+02
     1.3137107770E+02
     1.1956454224E+02
     1.0662671182E+02
     9.2776728625E+01
     7.8215100669E+01
     6.3118039556E+01
     4.7635034142E+01
     3.1889607399E+01
     1.5982961540E+01
     6.6120586445E-15
     1.7087543111E+02
     1.7457207798E+02
     1.7596508384E+02
     1.7502224632E+02
     1.7178936050E+02
     1.6637969485E+02
     1.5896087761E+02
     1.4974021677E+02
     1.3894952012E+02
     1.2683045394E+02
     1.1362138515E+02
     9.9546497942E+01
     8.4807774611E+01
     6.9580195860E+01
     5.4010263300E+01
     3.8217694712E+01
     2.2299906869E+01
     1.8048267017E+02
     1.8403982799E+02
     1.8516001694E+02
     1.8384647464E+02
     1.8018005355E+02
     1.7430684232E+02
     1.6642356282E+02
     1.5676182298E+02
     1.4557231672E+02
     1.3311000290E+02
     1.1962117176E+02
     1.0533312823E+02
     9.0447000103E+01
     7.5133931667E+01
     5.9534664760E+01
     4.3762259246E+01
     1.8973797779E+02
     1.9292221769E+02
     1.9354992105E+02
     1.9166563247E+02
     1.8738972396E+02
     1.8090417693E+02
     1.7243656417E+02
     1.6224335676E+02
     1.5059365889E+02
     1.3775438233E+02
     1.2397771975E+02
     1.0949157269E+02
     9.4493351265E+01
     7.9147303845E+01
     6.3585274250E+01
     1.9811641088E+02
     2.0065182674E+02
     2.0053372839E+02
     1.9785338165E+02
     1.9277451801E+02
     1.8551733983E+02
     1.7634120717E+02
     1.6552716249E+02
     1.5336139323E+02
     1.4012060953E+02
     1.2606013307E+02
     1.1140526791E+02
     9.6346269562E+01
     8.1036961993E+01
     2.0501197129E+02
     2.0659424543E+02
     2.0545818902E+02
     2.0174641593E+02
     1.9566893071E+02
     1.8748547163E+02
     1.7748707136E+02
     1.6597800707E+02
     1.5325922185E+02
     1.3961414412E+02
     1.2529762448E+02
     1.1052846394E+02
     9.5485739848E+01
     2.0976842439E+02
     2.1008217707E+02
     2.0765473585E+02
     2.0268356096E+02
     1.9542661660E+02
     1.8618322264E+02
     1.7527470869E+02
     1.6302604176E+02
     1.4974947358E+02
     1.3573106845E+02
     1.2122074029E+02
     1.0642616429E+02
     2.1171636471E+02
     2.1045487526E+02
     2.0648070210E+02
     2.0004819187E+02
     1.9146344908E+02
     1.8106392511E+02
     1.6919843635E+02
     1.5620876381E+02
     1.4241382674E+02
     1.2809720935E+02
     1.1349856442E+02
     2.1021456761E+02
     2.0710075986E+02
     2.0136257206E+02
     1.9331152059E+02
     1.8330028575E+02
     1.7170132494E+02
     1.5888657458E+02
     1.4520935485E+02
     1.3098939847E+02
     1.1650168418E+02
     2.0469330148E+02
     1.9950075354E+02
     1.9183871140E+02
     1.8207413983E+02
     1.7060280393E+02
     1.5782724915E+02
     1.4413655201E+02
     1.2988889651E+02
     1.1539780847E+02
     1.9469704312E+02
     1.8726972102E+02
     1.7759893723E+02
     1.6610320025E+02
     1.5321583486E+02
     1.3936272376E+02
     1.2494251071E+02
     1.1031024150E+02
     1.7992395516E+02
     1.7019338739E+02
     1.5851836063E+02
     1.4536274555E+02
     1.3118984751E+02
     1.1644034936E+02
     1.0151340162E+02
     1.6025955967E+02
     1.4825826602E+02
     1.3468316424E+02
     1.2003503341E+02
     1.0479760342E+02
     8.9416174490E+01
     1.3580227458E+02
     1.2167243390E+02
     1.0640635542E+02
     9.0531111764E+01
     7.4539503764E+01
     1.0687885991E+02
     9.0875439812E+01
     7.4232042455E+01
     5.7489479175E+01
     7.4048330093E+01
     5.6536193167E+01
     3.8927389171E+01
     3.8093498672E+01
     1.9538330131E+01
    -3.6045792045E-13
