     0.0000000000E+00
     2.2466791129E+00
     8.8003200431E+00
     1.9113824424E+01
     3.2314921304E+01
     4.7262950509E+01
     6.2623406702E+01
     7.6955654037E+01
     8.8808403120E+01
     9.6817052153E+01
     9.9796862567E+01
     9.6826174433E+01
     8.7314454421E+01
     7.1050873947E+01
     4.8230282742E+01
     1.9454803168E+01
    -1.4289259049E+01
    -5.1678000000E+01
    -9.1117387709E+01
    -1.3082773741E+02
    -1.6894027486E+02
    -2.0360012737E+02
    -2.3306967833E+02
    -2.5582618088E+02
    -2.7064785324E+02
    -2.7668335163E+02
    -2.7350049755E+02
    -2.6111136468E+02
    -2.3997223300E+02
    -2.1095841058E+02
    -1.7531541537E+02
    -1.3458941220E+02
    -9.0541028689E+01
    -4.5047654210E+01
     4.9072568231E-13
    -4.4933582258E+00
    -6.7026421501E+00
    -4.6400501411E+00
     1.0867537622E+00
     9.5661616483E+00
     1.9647195424E+01
     3.0019763213E+01
     3.9305583849E+01
     4.6154103998E+01
     4.9337417210E+01
     4.7838243831E+01
     4.0925442408E+01
     2.8212272175E+01
     9.6936672776E+00
    -1.4239946263E+01
    -4.2813337114E+01
    -7.4901215731E+01
    -1.0908513349E+02
    -1.4372927213E+02
    -1.7707070305E+02
    -2.0731880151E+02
    -2.3275792595E+02
    -2.5184725083E+02
    -2.6331178824E+02
    -2.6621913925E+02
    -2.6003735058E+02
    -2.4467036665E+02
    -2.2046889293E+02
    -1.8821594550E+02
    -1.4908786531E+02
    -1.0459303352E+02
    -5.6491849236E+01
    -6.7026421501E+00
     4.2800975097E+01
    -1.7600640086E+01
    -2.3860897186E+01
    -2.5816466574E+01
    -2.4134021523E+01
    -1.9760263127E+01
    -1.3850389867E+01
    -7.6831731761E+00
    -2.5680047501E+00
     2.5022482043E-01
    -3.1757968565E-01
    -5.1230169134E+00
    -1.4713264792E+01
    -2.9283218572E+01
    -4.8649814714E+01
    -7.2250310587E+01
    -9.9164826010E+01
    -1.2816196710E+02
    -1.5776493582E+02
    -1.8633426594E+02
    -2.1216229455E+02
    -2.3357374023E+02
    -2.4902636035E+02
    -2.5720562380E+02
    -2.5710766608E+02
    -2.4810547050E+02
    -2.2999420186E+02
    -2.0301284931E+02
    -1.6784073843E+02
    -1.2556896480E+02
    -7.7648293097E+01
    -2.5816466574E+01
     2.7990901909E+01
     8.1740708645E+01
    -3.8227648848E+01
    -4.7795314699E+01
    -5.2975869929E+01
    -5.4496452647E+01
    -5.3337659110E+01
    -5.0655941427E+01
    -4.7695081835E+01
    -4.5692382401E+01
    -4.5785528634E+01
    -4.8926040824E+01
    -5.5804820517E+01
    -6.6794556294E+01
    -8.1912717815E+01
    -1.0080760289E+02
    -1.2276848565E+02
    -1.4675943090E+02
    -1.7147487997E+02
    -1.9541376628E+02
    -2.1696776520E+02
    -2.3451839377E+02
    -2.4653710534E+02
    -2.5168230664E+02
    -2.4888737525E+02
    -2.3743426371E+02
    -2.1700811373E+02
    -1.8772941959E+02
    -1.5016160638E+02
    -1.0529334807E+02
    -5.4496452647E+01
     5.3840164517E-01
     5.7884472585E+01
     1.1547558778E+02
    -6.4629842608E+01
    -7.6473796569E+01
    -8.3825197788E+01
    -8.7475377821E+01
    -8.8439873277E+01
    -8.7875686896E+01
    -8.6990247364E+01
    -8.6947898186E+01
    -8.8779886758E+01
    -9.3303599881E+01
    -1.0105621533E+02
    -1.1224704560E+02
    -1.2673169426E+02
    -1.4400979709E+02
    -1.6324666215E+02
    -1.8331764269E+02
    -2.0287266503E+02
    -2.2041707616E+02
    -2.3440394840E+02
    -2.4333224534E+02
    -2.4584485760E+02
    -2.4082048473E+02
    -2.2745367221E+02
    -2.0531799158E+02
    -1.7440833546E+02
    -1.3515953040E+02
    -8.8439873277E+01
    -3.5519688861E+01
     2.1983503883E+01
     8.2180230386E+01
     1.4300049407E+02
    -9.4525901019E+01
    -1.0739730635E+02
    -1.1568065176E+02
    -1.2023649456E+02
    -1.2211759409E+02
    -1.2248202257E+02
    -1.2250071679E+02
    -1.2326540837E+02
    -1.2570282971E+02
    -1.3050069170E+02
    -1.3805019034E+02
    -1.4840876976E+02
    -1.6128560944E+02
    -1.7605089225E+02
    -1.9176843145E+02
    -2.0724977985E+02
    -2.2112660157E+02
    -2.3193693737E+02
    -2.3822010897E+02
    -2.3861444074E+02
    -2.3195176207E+02
    -2.1734280657E+02
    -1.9424813378E+02
    -1.6253003780E+02
    -1.2248202257E+02
    -7.4833750588E+01
    -2.0730829611E+01
     3.8309696806E+01
     1.0046583457E+02
     1.6369546007E+02
    -1.2524681340E+02
    -1.3776344329E+02
    -1.4564335222E+02
    -1.4982152971E+02
    -1.5139034302E+02
    -1.5150953715E+02
    -1.5131350480E+02
    -1.5182178526E+02
    -1.5385853070E+02
    -1.5798610563E+02
    -1.6445709630E+02
    -1.7318785536E+02
    -1.8375536309E+02
    -1.9541773244E+02
    -2.0715720899E+02
    -2.1774310854E+02
    -2.2581088102E+02
    -2.2995246523E+02
    -2.2881236783E+02
    -2.2118350687E+02
    -2.0609682926E+02
    -1.8289904557E+02
    -1.5131350480E+02
    -1.1148021615E+02
    -6.3972254922E+01
    -9.7871919586E+00
     4.9686323918E+01
     1.1272521285E+02
     1.7734882629E+02
    -1.5391130807E+02
    -1.6465112591E+02
    -1.7079056074E+02
    -1.7334320562E+02
    -1.7344234488E+02
    -1.7224893702E+02
    -1.7085974924E+02
    -1.7022153774E+02
    -1.7105676971E+02
    -1.7380564821E+02
    -1.7858817411E+02
    -1.8518872387E+02
    -1.9306421305E+02
    -2.0137544040E+02
    -2.0903975511E+02
    -2.1480184942E+02
    -2.1731833120E+02
    -2.1525084790E+02
    -2.0736196671E+02
    -1.9260780249E+02
    -1.7022153774E+02
    -1.3978248893E+02
    -1.0126621161E+02
    -5.5072251490E+01
    -2.0274742837E+00
     5.6635636375E+01
     1.1932482458E+02
     1.8415571064E+02
    -1.7761680624E+02
    -1.8521499106E+02
    -1.8837066975E+02
    -1.8817797330E+02
    -1.8581019976E+02
    -1.8242692853E+02
    -1.7908418501E+02
    -1.7665339862E+02
    -1.7575432770E+02
    -1.7670623805E+02
    -1.7950047293E+02
    -1.8379621039E+02
    -1.8893975185E+02
    -1.9400621133E+02
    -1.9786106781E+02
    -1.9923779035E+02
    -1.9682672221E+02
    -1.8936967959E+02
    -1.7575432770E+02
    -1.5510236584E+02
    -1.2684588644E+02
    -9.0786951668E+01
    -4.7136414303E+01
     3.4707617703E+00
     5.9985025575E+01
     1.2097646351E+02
     1.8469209443E+02
    -1.9363410431E+02
    -1.9687748779E+02
    -1.9598989554E+02
    -1.9214458633E+02
    -1.8655074683E+02
    -1.8036093890E+02
    -1.7458447551E+02
    -1.7001223320E+02
    -1.6715767584E+02
    -1.6621783914E+02
    -1.6705677061E+02
    -1.6921251217E+02
    -1.7192723802E+02
    -1.7419870859E+02
    -1.7484986090E+02
    -1.7261220840E+02
    -1.6621783914E+02
    -1.5449423430E+02
    -1.3645591470E+02
    -1.1138707427E+02
    -7.8909868520E+01
    -3.9033861980E+01
     7.8167480972E+00
     6.0800190850E+01
     1.1867906867E+02
     1.7986629947E+02
    -1.9959372513E+02
    -1.9750674955E+02
    -1.9177907988E+02
    -1.8365741673E+02
    -1.7437868402E+02
    -1.6507905854E+02
    -1.5671174798E+02
    -1.4997870843E+02
    -1.4528060652E+02
    -1.4268818210E+02
    -1.4193682574E+02
    -1.4244473265E+02
    -1.4335351958E+02
    -1.4358878336E+02
    -1.4193682574E+02
    -1.3713274431E+02
    -1.2795435724E+02
    -1.1331603464E+02
    -9.2356476452E+01
    -6.4514808151E+01
    -2.9590041745E+01
     1.2220069392E+01
     6.0303527003E+01
     1.1364328252E+02
     1.7085099067E+02
    -1.9365234887E+02
    -1.8556915666E+02
    -1.7453018018E+02
    -1.6184491713E+02
    -1.4876531557E+02
    -1.3639767396E+02
    -1.2562601172E+02
    -1.1705170673E+02
    -1.1095317018E+02
    -1.0726807314E+02
    -1.0559923047E+02
    -1.0524377130E+02
    -1.0524377130E+02
    -1.0445517976E+02
    -1.0163072440E+02
    -9.5511590222E+01
    -8.4922099408E+01
    -6.8861401851E+01
    -4.6586334754E+01
    -1.7680115838E+01
     1.7897631914E+01
     5.9782915381E+01
     1.0720353657E+02
     1.5900000644E+02
    -1.7462890884E+02
    -1.6024700468E+02
    -1.4379383756E+02
    -1.2662572083E+02
    -1.0999213383E+02
    -9.4951806196E+01
    -8.2302857200E+01
    -7.2531319105E+01
    -6.5781222137E+01
    -6.1848074714E+01
    -6.0196117090E+01
    -5.9998248503E+01
    -6.0196117090E+01
    -5.9576604142E+01
    -5.6859906183E+01
    -5.0793682740E+01
    -4.0247339267E+01
    -2.4300478268E+01
    -2.3198796992E+00
     2.5979955131E+01
     6.0496684101E+01
     1.0072319344E+02
     1.4575522391E+02
    -1.4210174789E+02
    -1.2151378243E+02
    -9.9931746923E+01
    -7.8737417939E+01
    -5.9155661087E+01
    -4.2176021072E+01
    -2.8490774091E+01
    -1.8453236889E+01
    -1.2058867628E+01
    -8.9502811220E+00
    -8.4458207308E+00
    -9.5898714372E+00
    -1.1221751694E+01
    -1.2058867628E+01
    -1.0788922173E+01
    -6.1653979933E+00
     2.8996882494E+00
     1.7251617976E+01
     3.7422744372E+01
     6.3580732910E+01
     9.5498686357E+01
     1.3254925342E+02
    -9.6460565484E+01
    -7.0162110329E+01
    -4.4120273395E+01
    -1.9715897687E+01
     1.8770823003E+00
     1.9763237745E+01
     3.3378589634E+01
     4.2521699892E+01
     4.7361058129E+01
     4.8418372718E+01
     4.6528857837E+01
     4.2781023984E+01
     3.8439742176E+01
     3.4857385176E+01
     3.3378589634E+01
     3.5244586142E+01
     4.1503085173E+01
     5.2929382945E+01
     6.9963681961E+01
     9.2668646456E+01
     1.2070999212E+02
    -3.8909606336E+01
    -7.7822417887E+00
     2.1695300150E+01
     4.8173868415E+01
     7.0560133168E+01
     8.8080103791E+01
     1.0032205760E+02
     1.0725632541E+02
     1.0923079790E+02
     1.0694250262E+02
     1.0138706483E+02
     9.3789217935E+01
     8.5518689046E+01
     7.7996681505E+01
     7.2598755393E+01
     7.0560133168E+01
     7.2889317486E+01
     8.0295409958E+01
     9.3133693232E+01
     1.1137293424E+02
     2.8578518097E+01
     6.3307984768E+01
     9.4893525541E+01
     1.2205178978E+02
     1.4380196679E+02
     1.5952002817E+02
     1.6897073476E+02
     1.7231554313E+02
     1.7009601221E+02
     1.6319380015E+02
     1.5276976293E+02
     1.4018593580E+02
     1.2691521683E+02
     1.1444431885E+02
     1.0417596392E+02
     9.7336340704E+01
     9.4893525541E+01
     9.7491902525E+01
     1.0540664676E+02
     1.0335600000E+02
     1.4017791796E+02
     1.7231132612E+02
     1.9857484070E+02
     2.1813296826E+02
     2.3053997716E+02
     2.3576021041E+02
     2.3416369606E+02
     2.2649740321E+02
     2.1383396168E+02
     1.9750102227E+02
     1.7899560054E+02
     1.5988864923E+02
     1.4172568919E+02
     1.2592956006E+02
     1.1371121632E+02
     1.0599400021E+02
     1.0335600000E+02
     1.8223477542E+02
     2.1943705163E+02
     2.5041256458E+02
     2.7411861501E+02
     2.8989718216E+02
     2.9750746252E+02
     2.9713387828E+02
     2.8936915457E+02
     2.7517356033E+02
     2.5581283607E+02
     2.3277860675E+02
     2.0769612331E+02
     1.8222492802E+02
     1.5795845270E+02
     1.3632860922E+02
     1.1852111661E+02
     1.0540664676E+02
     2.6165547482E+02
     2.9741730728E+02
     3.2548081324E+02
     3.4497760635E+02
     3.5545704097E+02
     3.5690662175E+02
     3.4974728584E+02
     3.3480391091E+02
     3.1325287814E+02
     2.8654988460E+02
     2.5634237136E+02
     2.2437184124E+02
     1.9237193039E+02
     1.6196833341E+02
     1.3458655050E+02
     1.1137293424E+02
     3.3788054971E+02
     3.7037398472E+02
     3.9382501176E+02
     4.0757241206E+02
     4.1139896264E+02
     4.0553911464E+02
     3.9066134001E+02
     3.6782625226E+02
     3.3842304145E+02
     3.0408804426E+02
     2.6661032036E+02
     2.2782986301E+02
     1.8953449011E+02
     1.5336151594E+02
     1.2070999212E+02
     4.0720025474E+02
     4.3469356868E+02
     4.5198588852E+02
     4.5865161027E+02
     4.5472762575E+02
     4.4070788810E+02
     4.1751284495E+02
     3.8643558463E+02
     3.4906791124E+02
     3.0721074091E+02
     2.6277412415E+02
     2.1767279296E+02
     1.7372337056E+02
     1.3254925342E+02
     4.6613935665E+02
     4.8709613177E+02
     4.9693094161E+02
     4.9547634695E+02
     4.8303738162E+02
     4.6037286507E+02
     4.2865218924E+02
     3.8939013966E+02
     3.4436359616E+02
     2.9551501252E+02
     2.4484833472E+02
     1.9432343854E+02
     1.4575522391E+02
     5.1165236176E+02
     5.2482036259E+02
     5.2622642796E+02
     5.1597667635E+02
     4.9465060713E+02
     4.6326927610E+02
     4.2323995509E+02
     3.7628051374E+02
     3.2432794128E+02
     2.6943634157E+02
     2.1367033052E+02
     1.5900000644E+02
     5.4129570648E+02
     5.4578025573E+02
     5.3817615574E+02
     5.1887036347E+02
     4.8871476107E+02
     4.4898157379E+02
     4.0129667297E+02
     3.4755463214E+02
     2.8982046042E+02
     2.3022369927E+02
     1.7085099067E+02
     5.5336670325E+02
     5.4868416683E+02
     5.3191883588E+02
     5.0373708145E+02
     4.6525236012E+02
     4.1796851661E+02
     3.6370274369E+02
     3.0449263876E+02
     2.4249271226E+02
     1.7986629947E+02
     5.4700099511E+02
     5.3310916192E+02
     5.0747820452E+02
     4.7104358611E+02
     4.2516089350E+02
     3.7153792116E+02
     3.1214852838E+02
     2.4913321143E+02
     1.8469209443E+02
     5.2222272936E+02
     4.9952624077E+02
     4.6576293302E+02
     4.2211836533E+02
     3.7016267637E+02
     3.1177258446E+02
     2.4903758463E+02
     1.8415571064E+02
     4.7994446599E+02
     4.4927493121E+02
     4.0851632573E+02
     3.5907726613E+02
     3.0270762406E+02
     2.4141179028E+02
     1.7734882629E+02
     4.2191682116E+02
     3.8448875815E+02
     3.3821878970E+02
     2.8470451813E+02
     2.2583473119E+02
     1.6369546007E+02
     3.5063083074E+02
     3.0797600825E+02
     2.5794886536E+02
     2.0229622097E+02
     1.4300049407E+02
     2.6917882440E+02
     2.2306286178E+02
     1.7121106268E+02
     1.1547558778E+02
     1.8108205738E+02
     1.3340818897E+02
     8.1740708645E+01
     9.0095308419E+01
     4.2800975097E+01
    -9.5651842003E-13
