     0.0000000000E+00
    -1.3938331307E+01
    -2.6152029175E+01
    -3.5024630700E+01
    -3.9149763545E+01
    -3.7420926432E+01
    -2.9103942761E+01
    -1.3887900914E+01
     8.0883637943E+00
     3.6235781249E+01
     6.9540593582E+01
     1.0661448476E+02
     1.4576643558E+02
     1.8509221237E+02
     2.2257640382E+02
     2.5620122545E+02
     2.8405595224E+02
     3.0444083840E+02
     3.1595973512E+02
     3.1759630151E+02
     3.0876967687E+02
     2.8936668698E+02
     2.5974901930E+02
     2.2073524167E+02
     1.7355897148E+02
     1.1980584224E+02
     6.1333085373E+01
     1.7647820427E-01
    -6.1549946487E+01
    -1.2175571526E+02
    -1.7847155947E+02
    -2.2993755343E+02
    -2.7467707249E+02
    -3.1155282966E+02
    -3.3980238768E+02
    -2.8619630902E+01
    -4.2299236727E+01
    -5.3295247380E+01
    -6.0094026793E+01
    -6.1446113052E+01
    -5.6446979308E+01
    -4.4597963659E+01
    -2.5843824337E+01
    -5.8471993495E-01
     3.0338116539E+01
     6.5682231934E+01
     1.0386709649E+02
     1.4305696905E+02
     1.8125879737E+02
     2.1642962207E+02
     2.4658742968E+02
     2.6991922866E+02
     2.8488030991E+02
     2.9027918776E+02
     2.8534356543E+02
     2.6976377917E+02
     2.4371148136E+02
     2.0783274681E+02
     1.6321624413E+02
     1.1133852086E+02
     5.3989722924E+01
    -6.8158649832E+00
    -6.8939273987E+01
    -1.3022063071E+02
    -1.8858144371E+02
    -2.4211977246E+02
    -2.8919317569E+02
    -3.2848514935E+02
    -3.5905181781E+02
    -5.8180490681E+01
    -7.2054350637E+01
    -8.2303987270E+01
    -8.7538229933E+01
    -8.6679837471E+01
    -7.9035871574E+01
    -6.4346073726E+01
    -4.2806405922E+01
    -1.5066338385E+01
     1.7800028099E+01
     5.4347419609E+01
     9.2834436017E+01
     1.3131596727E+02
     1.6774777501E+02
     2.0009735374E+02
     2.2645484547E+02
     2.4513780020E+02
     2.5478395082E+02
     2.5442687966E+02
     2.4355045361E+02
     2.2211913444E+02
     1.9058265799E+02
     1.4985503896E+02
     1.0126930966E+02
     4.6510758503E+01
    -1.2467383128E+01
    -7.3540915192E+01
    -1.3451876705E+02
    -1.9324836425E+02
    -2.4771643655E+02
    -2.9613980662E+02
    -3.3704138002E+02
    -3.6930750801E+02
    -8.9508155550E+01
    -1.0394240093E+02
    -1.1382746634E+02
    -1.1791324377E+02
    -1.1530827140E+02
    -1.0553852688E+02
    -8.8582435390E+01
    -6.4880004985E+01
    -3.5315481248E+01
    -1.1744275229E+00
     3.5922400966E+01
     7.4104696416E+01
     1.1135294819E+02
     1.4560786806E+02
     1.7488274999E+02
     1.9737247164E+02
     2.1155305526E+02
     2.1626626419E+02
     2.1078458430E+02
     1.9485307494E+02
     1.6870590393E+02
     1.3305682725E+02
     8.9064351555E+01
     3.8273739813E+01
    -1.7460694549E+01
    -7.6068486708E+01
    -1.3536579341E+02
    -1.9316223669E+02
    -2.4736587352E+02
    -2.9608055180E+02
    -3.3769045007E+02
    -3.7092743069E+02
    -1.2320546046E+02
    -1.3843084094E+02
    -1.4819815737E+02
    -1.5141604115E+02
    -1.4739078873E+02
    -1.3587257613E+02
    -1.1707650665E+02
    -9.1677192580E+01
    -6.0777082547E+01
    -2.5850244980E+01
     1.1335280130E+01
     4.8812227333E+01
     8.4520643995E+01
     1.1642024949E+02
     1.4260232265E+02
     1.6139486537E+02
     1.7145518947E+02
     1.7184480714E+02
     1.6208252904E+02
     1.4217292698E+02
     1.1260872694E+02
     7.4347179867E+01
     2.8761925016E+01
    -2.2426770137E+01
    -7.7239319292E+01
    -1.3353665721E+02
    -1.8912694621E+02
    -2.4187317472E+02
    -2.8979571185E+02
    -3.3116426457E+02
    -3.6457438419E+02
    -1.5956197376E+02
    -1.7563601648E+02
    -1.8536372382E+02
    -1.8782924134E+02
    -1.8254709413E+02
    -1.6949503311E+02
    -1.4912076430E+02
    -1.2232207232E+02
    -9.0401365458E+01
    -5.4997128903E+01
    -1.7996090049E+01
     1.8569001733E+01
     5.2630261561E+01
     8.2198014911E+01
     1.0547026530E+02
     1.2093217907E+02
     1.2744006487E+02
     1.2428522181E+02
     1.1123418829E+02
     8.8543274154E+01
     5.6946723393E+01
     1.7619347021E+01
    -2.7884100466E+01
    -7.7709235921E+01
    -1.2979741273E+02
    -1.8199069680E+02
    -2.3214053671E+02
    -2.7821408082E+02
    -3.1839231509E+02
    -3.5115475066E+02
    -1.9848694020E+02
    -2.1526972396E+02
    -2.2484789837E+02
    -2.2649688672E+02
    -2.1994835172E+02
    -2.0540910687E+02
    -1.8355340890E+02
    -1.5548895970E+02
    -1.2269844405E+02
    -8.6959823178E+01
    -5.0249815910E+01
    -1.4635955607E+01
     1.7836740701E+01
     4.5258153709E+01
     6.5958218987E+01
     7.8599007182E+01
     8.2248630698E+01
     7.6432925898E+01
     6.1162133230E+01
     3.6931224186E+01
     4.6940201756E+00
    -3.4187272949E+01
    -7.8014115548E+01
    -1.2484107806E+02
    -1.7257754408E+02
    -2.1909590037E+02
    -2.6234014225E+02
    -3.0042887646E+02
    -3.3174710534E+02
    -2.3947104334E+02
    -2.5661659703E+02
    -2.6574376345E+02
    -2.6633374556E+02
    -2.5834250483E+02
    -2.4220540509E+02
    -2.1881519167E+02
    -1.8947444577E+02
    -1.5582510674E+02
    -1.1975896157E+02
    -8.3314085484E+01
    -4.8563016871E+01
    -1.7498917568E+01
     8.0739212493E+00
     2.6639122569E+01
     3.7051316039E+01
     3.8598697143E+01
     3.1041648379E+01
     1.4625385963E+01
    -9.9339257029E+00
    -4.1488646500E+01
    -7.8522334647E+01
    -1.1923194315E+02
    -1.6162478628E+02
    -2.0362473221E+02
    -2.4318161199E+02
    -2.7837772026E+02
    -3.0752552223E+02
    -2.8158042193E+02
    -2.9854470555E+02
    -3.0674073114E+02
    -3.0586833040E+02
    -2.9611286102E+02
    -2.7813549198E+02
    -2.5303723604E+02
    -2.2229865940E+02
    -1.8769858295E+02
    -1.5121628675E+02
    -1.1492266899E+02
    -8.0866439583E+01
    -5.0961707837E+01
    -2.6883239487E+01
    -9.9752141118E+00
    -1.1785366397E+00
    -9.8069158274E-01
    -9.3908381504E+00
    -2.5941403965E+01
    -4.9715928627E+01
    -7.9401423543E+01
    -1.1336213721E+02
    -1.4973042512E+02
    -1.8650948845E+02
    -2.2168211925E+02
    -2.5331930531E+02
    -2.7968262113E+02
    -3.2348421895E+02
    -3.3954952324E+02
    -3.4618425459E+02
    -3.4331755197E+02
    -3.3136677444E+02
    -3.1121358444E+02
    -2.8415463962E+02
    -2.5182957939E+02
    -2.1613028435E+02
    -1.7909645507E+02
    -1.4280333639E+02
    -1.0924786026E+02
    -8.0239567589E+01
    -5.7302392433E+01
    -4.1592766207E+01
    -3.3838562223E+01
    -3.4302206326E+01
    -4.2769897370E+01
    -5.8567392466E+01
    -8.0601302795E+01
    -1.0742340409E+02
    -1.3731417489E+02
    -1.6838070978E+02
    -1.9866337474E+02
    -2.2624512157E+02
    -2.4935728171E+02
    -3.6351468097E+02
    -3.7782916102E+02
    -3.8216507833E+02
    -3.7668876992E+02
    -3.6204919862E+02
    -3.3934023913E+02
    -3.1003886903E+02
    -2.7592265831E+02
    -2.3897113094E+02
    -2.0125649277E+02
    -1.6482982716E+02
    -1.3160911824E+02
    -1.0327535469E+02
    -8.1182502264E+01
    -6.6286336486E+01
    -5.9096044922E+01
    -5.9651204255E+01
    -6.7525286813E+01
    -8.1855338715E+01
    -1.0139598534E+02
    -1.2459454545E+02
    -1.4968285265E+02
    -1.7478045933E+02
    -1.9800328724E+02
    -2.1757152346E+02
    -3.9975660657E+02
    -4.1138661600E+02
    -4.1263279124E+02
    -4.0390309349E+02
    -3.8607413627E+02
    -3.6044032585E+02
    -3.2864061437E+02
    -2.9256690649E+02
    -2.5425920874E+02
    -2.1579336955E+02
    -1.7916768262E+02
    -1.4619469186E+02
    -1.1840423757E+02
    -9.6963138625E+01
    -8.2615950999E+01
    -7.5650034315E+01
    -7.5886766109E+01
    -8.2699248361E+01
    -9.5055340112E+01
    -1.1158341103E+02
    -1.3065692708E+02
    -1.5049292509E+02
    -1.6925866846E+02
    -1.8518034470E+02
    -4.3016090471E+02
    -4.3815288879E+02
    -4.3552671775E+02
    -4.2293224966E+02
    -4.0146569425E+02
    -3.7260649981E+02
    -3.3813394046E+02
    -3.0002802132E+02
    -2.6036021767E+02
    -2.2118014971E+02
    -1.8440452962E+02
    -1.5171459026E+02
    -1.2446771939E+02
    -1.0362820976E+02
    -8.9720938854E+01
    -8.2810477580E+01
    -8.2506670145E+01
    -8.7996212944E+01
    -9.8098276496E+01
    -1.1134084722E+02
    -1.2605329446E+02
    -1.4046976045E+02
    -1.5283737811E+02
    -4.5267530122E+02
    -4.5612329796E+02
    -4.4891587997E+02
    -4.3194027501E+02
    -4.0649964703E+02
    -3.7423885027E+02
    -3.3705231425E+02
    -2.9697917174E+02
    -2.5609147810E+02
    -2.1638177200E+02
    -1.7965627103E+02
    -1.4743967709E+02
    -1.2089690347E+02
    -1.0077606656E+02
    -8.7375865458E+01
    -8.0539074168E+01
    -7.9672373352E+01
    -8.3791240527E+01
    -9.1587185267E+01
    -1.0151334363E+02
    -1.1188340686E+02
    -1.2097811365E+02
    -4.6538393451E+02
    -4.6349827006E+02
    -4.5113897471E+02
    -4.2942077196E+02
    -3.9983617715E+02
    -3.6417145293E+02
    -3.2440742359E+02
    -2.8261066609E+02
    -2.4082115682E+02
    -2.0094266631E+02
    -1.6464204516E+02
    -1.3326304099E+02
    -1.0775945727E+02
    -8.8651356588E+01
    -7.6006689677E+01
    -6.9449271008E+01
    -6.8192509885E+01
    -7.1096828254E+01
    -7.6747340325E+01
    -8.3547212764E+01
    -8.9821234920E+01
    -4.6664679823E+02
    -4.5881937762E+02
    -4.4093508886E+02
    -4.1432053748E+02
    -3.8063481729E+02
    -3.4177719294E+02
    -2.9978261700E+02
    -2.5671090851E+02
    -2.1453579844E+02
    -1.7504006931E+02
    -1.3972267827E+02
    -1.0972307387E+02
    -8.5766935960E+01
    -6.8136340058E+01
    -5.6665945925E+01
    -5.0765313593E+01
    -4.9465947966E+01
    -5.1490251468E+01
    -5.5338306492E+01
    -5.9387388642E+01
    -4.5522977245E+02
    -4.4109147465E+02
    -4.1755624436E+02
    -3.8614102662E+02
    -3.4864354820E+02
    -3.0704341875E+02
    -2.6339423411E+02
    -2.1971271707E+02
    -1.7787112126E+02
    -1.3949895491E+02
    -1.0589956101E+02
    -7.7986248116E+01
    -5.6241549702E+01
    -4.0701863679E+01
    -3.0968264875E+01
    -2.6242776096E+01
    -2.5387916109E+01
    -2.7006000938E+01
    -2.9533536588E+01
    -4.3041635773E+02
    -4.0988244030E+02
    -3.8085380449E+02
    -3.4501031784E+02
    -3.0425545973E+02
    -2.6061266656E+02
    -2.1611598002E+02
    -1.7270113782E+02
    -1.3210324711E+02
    -9.5766824812E+01
    -6.4773296911E+01
    -3.9790057254E+01
    -2.1043954620E+01
    -8.3206741748E+00
    -9.8998839366E-01
     1.9446404954E+00
     1.7750322082E+00
     1.4306296347E-13
    -3.9209316931E+02
    -3.6539325261E+02
    -3.3133223312E+02
    -2.9171993523E+02
    -2.4852827269E+02
    -2.0378476183E+02
    -1.5946370997E+02
    -1.1738121792E+02
    -7.9099947250E+01
    -4.5849068396E+01
    -1.8463952800E+01
     2.6509499347E+00
     1.7533935801E+01
     2.6651911960E+01
     3.0861143298E+01
     3.1345173202E+01
     2.9533536588E+01
    -3.4080271204E+02
    -3.0849280575E+02
    -2.7016559405E+02
    -2.2772295303E+02
    -1.8316423531E+02
    -1.3847893373E+02
    -9.5540400867E+01
    -5.6006658090E+01
    -2.1233956749E+01
     7.7919501705E+00
     3.0502865113E+01
     4.6770804837E+01
     5.6904933345E+01
     6.1622924125E+01
     6.1998387331E+01
     5.9387388642E+01
    -2.7775885320E+02
    -2.4071395740E+02
    -1.9917439525E+02
    -1.5509213823E+02
    -1.1045031625E+02
    -6.7157030353E+01
    -2.6943546580E+01
     8.7273008111E+00
     3.8737215947E+01
     6.2368637211E+01
     7.9337726471E+01
     8.9802180275E+01
     9.4343339174E+01
     9.3923557623E+01
     8.9821234920E+01
    -2.0482262894E+02
    -1.6420962327E+02
    -1.2076279024E+02
    -7.6439335021E+01
    -3.3161070021E+01
     7.2886538910E+00
     4.3360426282E+01
     7.3821139859E+01
     9.7818423241E+01
     1.1492333088E+02
     1.2514870942E+02
     1.2894205219E+02
     1.2715312531E+02
     1.2097811365E+02
    -1.2443842700E+02
    -8.1670181954E+01
    -3.7818598255E+01
     5.2002879088E+00
     4.5571100762E+01
     8.1677179819E+01
     1.1218801189E+02
     1.3613090529E+02
     1.5294263570E+02
     1.6249791665E+02
     1.6511286625E+02
     1.6152307836E+02
     1.5283737811E+02
    -3.9533036642E+01
     3.7941327842E+00
     4.6419052602E+01
     8.6513270027E+01
     1.2241146311E+02
     1.5270270499E+02
     1.7630830300E+02
     1.9254155005E+02
     2.0114572655E+02
     2.0230791732E+02
     1.9664759083E+02
     1.8518034470E+02
     4.6617603124E+01
     8.8799944442E+01
     1.2851756588E+02
     1.6407439722E+02
     1.9399571173E+02
     2.1711098420E+02
     2.3262080145E+02
     2.4014370687E+02
     2.3973997924E+02
     2.3191065465E+02
     2.1757152346E+02
     1.3054703975E+02
     1.6985873264E+02
     2.0502560207E+02
     2.3452549553E+02
     2.5711020250E+02
     2.7187849031E+02
     2.7833099300E+02
     2.7640343898E+02
     2.6647592124E+02
     2.4935728171E+02
     2.0877370876E+02
     2.4355683254E+02
     2.7265487743E+02
     2.9475629054E+02
     3.0886924238E+02
     3.1438365786E+02
     3.1111325824E+02
     2.9931475379E+02
     2.7968262113E+02
     2.7798327368E+02
     3.0673721838E+02
     3.2845858543E+02
     3.4207680285E+02
     3.4687898190E+02
     3.4256002022E+02
     3.2925125887E+02
     3.0752552223E+02
     3.3520744245E+02
     3.5667252474E+02
     3.6999596953E+02
     3.7437103870E+02
     3.6937804775E+02
     3.5502189754E+02
     3.3174710534E+02
     3.7798878292E+02
     3.9121905776E+02
     3.9547318320E+02
     3.9022264078E+02
     3.7534624505E+02
     3.5115475066E+02
     4.0452167260E+02
     4.0894246522E+02
     4.0385177950E+02
     3.8900464195E+02
     3.6457438419E+02
     4.1376072903E+02
     4.0920722109E+02
     3.9491791243E+02
     3.7092743069E+02
     4.0548981215E+02
     3.9222405631E+02
     3.6930750801E+02
     3.8034686976E+02
     3.5905181781E+02
     3.3980238768E+02
