     0.0000000000E+00
    -4.0845746888E+01
    -8.0883261636E+01
    -1.1932612241E+02
    -1.5543085093E+02
    -1.8851671431E+02
    -2.1798358570E+02
    -2.4332731879E+02
    -2.6415217427E+02
    -2.8017993417E+02
    -2.9125544990E+02
    -2.9734848707E+02
    -2.9855185168E+02
    -2.9507590283E+02
    -2.8723967356E+02
    -2.7545892888E+02
    -2.6023158576E+02
    -2.4212100000E+02
    -2.2173768728E+02
    -1.9972008829E+02
    -1.7671500936E+02
    -1.5335837001E+02
    -1.3025686793E+02
    -1.0797113034E+02
    -8.7000861169E+01
    -6.7772417299E+01
    -5.0629158242E+01
    -3.5824813880E+01
    -2.3520009348E+01
    -1.3781977274E+01
    -6.5873798459E+00
    -1.8280598663E+00
     6.8055534285E-01
     1.1887575921E+00
    -6.7024387693E-15
     0.0000000000E+00
    -4.0238855935E+01
    -7.9081488629E+01
    -1.1577907306E+02
    -1.4964319419E+02
    -1.8006384985E+02
    -2.0652500477E+02
    -2.2861722868E+02
    -2.4604704870E+02
    -2.5864275546E+02
    -2.6635651947E+02
    -2.6926279590E+02
    -2.6755311666E+02
    -2.6152748557E+02
    -2.5158270073E+02
    -2.3819802463E+02
    -2.2191870351E+02
    -2.0333790090E+02
    -1.8307765383E+02
    -1.6176948232E+02
    -1.4003528376E+02
    -1.1846912328E+02
    -9.7620490010E+01
    -7.7979529957E+01
    -5.9964690075E+01
    -4.3913118805E+01
    -3.0074068785E+01
    -1.8605441169E+01
    -9.5735018629E+00
    -2.9556917212E+00
     1.3536509030E+00
     3.5349325396E+00
     3.8326736467E+00
     2.5430366670E+00
     0.0000000000E+00
    -3.9042723232E+01
    -7.6136768358E+01
    -1.1058760714E+02
    -1.4177685130E+02
    -1.6917796590E+02
    -1.9236910175E+02
    -2.1104267136E+02
    -2.2501140203E+02
    -2.3421071611E+02
    -2.3869740991E+02
    -2.3864472387E+02
    -2.3433401378E+02
    -2.2614334181E+02
    -2.1453340298E+02
    -2.0003128517E+02
    -1.8321262452E+02
    -1.6468276270E+02
    -1.4505753583E+02
    -1.2494432620E+02
    -1.0492398832E+02
    -8.5534220008E+01
    -6.7254890425E+01
    -5.0495760829E+01
    -3.5586944591E+01
    -2.2772353128E+01
    -1.2206267868E+01
    -3.9530688125E+00
     2.0099584375E+00
     5.7869194234E+00
     7.5549896078E+00
     7.5538381791E+00
     6.0732306175E+00
     0.0000000000E+00
    -3.7292058274E+01
    -7.2134411780E+01
    -1.0390182314E+02
    -1.3205870887E+02
    -1.5617214704E+02
    -1.7592166089E+02
    -1.9110550595E+02
    -2.0164330455E+02
    -2.0757499261E+02
    -2.0905616492E+02
    -2.0635002251E+02
    -1.9981623488E+02
    -1.8989712822E+02
    -1.7710169288E+02
    -1.6198796912E+02
    -1.4514441496E+02
    -1.2717088452E+02
    -1.0865984737E+02
    -9.0178460338E+01
    -7.2252063285E+01
    -5.5349611675E+01
    -3.9871482917E+01
    -2.6140004311E+01
    -1.4392950334E+01
    -4.7801502318E+00
     2.6367630658E+00
     7.8815407975E+00
     1.1057625655E+01
     1.2339857575E+01
     1.1963942178E+01
     1.0214116957E+01
     0.0000000000E+00
    -3.5037473014E+01
    -6.7189843256E+01
    -9.5913976295E+01
    -1.2076728361E+02
    -1.4141769625E+02
    -1.5765017139E+02
    -1.6936956971E+02
    -1.7659986211E+02
    -1.7947974528E+02
    -1.7825486348E+02
    -1.7326694340E+02
    -1.6494024765E+02
    -1.5376583576E+02
    -1.4028418764E+02
    -1.2506679089E+02
    -1.0869731794E+02
    -9.1753022979E+01
    -7.4786969392E+01
    -5.8311660001E+01
    -4.2784583402E+01
    -2.8596114773E+01
    -1.6060120115E+01
    -5.4075128858E+00
     3.2170950151E+00
     9.7556162573E+00
     1.4233662922E+01
     1.6754856047E+01
     1.7492549578E+01
     1.6679333887E+01
     1.4594755220E+01
     0.0000000000E+00
    -3.2343794429E+01
    -6.1444753489E+01
    -8.6852073152E+01
    -1.0822344692E+02
    -1.2533177577E+02
    -1.3806827534E+02
    -1.4644193275E+02
    -1.5057538598E+02
    -1.5069741681E+02
    -1.4713235788E+02
    -1.4028681390E+02
    -1.3063418071E+02
    -1.1869751312E+02
    -1.0503133942E+02
    -9.0203046468E+01
    -7.4774463388E+01
    -5.9284254530E+01
    -4.4231693526E+01
    -3.0062332704E+01
    -1.7156007110E+01
    -5.8175233409E+00
     3.7297165960E+00
     1.1347013349E+01
     1.6980557718E+01
     2.0658584981E+01
     2.2485678888E+01
     2.2634505475E+01
     2.1335342678E+01
     1.8863843293E+01
     0.0000000000E+00
    -2.9287904789E+01
    -5.5062381224E+01
    -7.6972282960E+01
    -9.4779751818E+01
    -1.0836354028E+02
    -1.1771870687E+02
    -1.2295275130E+02
    -1.2427837348E+02
    -1.2200315097E+02
    -1.1651652881E+02
    -1.0827460002E+02
    -9.7783223287E+01
    -8.5580071775E+01
    -7.2216234280E+01
    -5.8237994875E+01
    -4.4169400526E+01
    -3.0496188417E+01
    -1.7651587504E+01
    -6.0044344634E+00
     4.1500446581E+00
     1.2596535585E+01
     1.9202875539E+01
     2.3920198048E+01
     2.6780059594E+01
     2.7888730718E+01
     2.7418931928E+01
     2.5599381043E+01
     2.2702590547E+01
     0.0000000000E+00
    -2.5956182947E+01
    -4.8222083881E+01
    -6.6550423333E+01
    -8.0808724310E+01
    -9.0979233379E+01
    -9.7155301634E+01
    -9.9534403333E+01
    -9.8408080311E+01
    -9.4149199795E+01
    -8.7196998586E+01
    -7.8040454826E+01
    -6.7200577323E+01
    -5.5212230306E+01
    -4.2606117418E+01
    -2.9891533010E+01
    -1.7540451807E+01
    -5.9734716126E+00
     4.4519502044E+00
     1.3450614043E+01
     2.0815796540E+01
     2.6422424684E+01
     3.0227170982E+01
     3.2265545604E+01
     3.2646167667E+01
     3.1542495997E+01
     2.9182386452E+01
     2.5835915207E+01
     0.0000000000E+00
    -2.2441633518E+01
    -4.1113381428E+01
    -5.5872809271E+01
    -6.6690516686E+01
    -7.3646752943E+01
    -7.6924687064E+01
    -7.6800614202E+01
    -7.3631479570E+01
    -6.7840187028E+01
    -5.9899228163E+01
    -5.0313217332E+01
    -3.9600946769E+01
    -2.8277582830E+01
    -1.6837609511E+01
    -5.7390893505E+00
     4.6102438951E+00
     1.3864619624E+01
     2.1749238580E+01
     2.8066400982E+01
     3.2698607869E+01
     3.5608599827E+01
     3.6836408070E+01
     3.6493599353E+01
     3.4754994850E+01
     3.1848230268E+01
     2.8041597273E+01
     0.0000000000E+00
    -1.8840801378E+01
    -3.3929675627E+01
    -4.5226776054E+01
    -5.2800341635E+01
    -5.6820209041E+01
    -5.7548274520E+01
    -5.5326280596E+01
    -5.0561388513E+01
    -4.3710066692E+01
    -3.5260875685E+01
    -2.5716759622E+01
    -1.5577461973E+01
    -5.3226694429E+00
     4.6035472902E+00
     1.3806482213E+01
     2.1952290693E+01
     2.8776880370E+01
     3.4091941311E+01
     3.7787967437E+01
     3.9834232138E+01
     4.0275791923E+01
     3.9227698742E+01
     3.6866700658E+01
     3.3420798135E+01
     2.9157096429E+01
     0.0000000000E+00
    -1.5250576195E+01
    -2.6861857759E+01
    -3.4891197499E+01
    -3.9496113397E+01
    -4.0924998151E+01
    -3.9505163848E+01
    -3.5628676463E+01
    -2.9736504533E+01
    -2.2301557235E+01
    -1.3811217307E+01
    -4.7499829638E+00
     4.4171801261E+00
     1.3260209957E+01
     2.1397529568E+01
     2.8507397611E+01
     3.4336673784E+01
     3.8706743311E+01
     4.1516451287E+01
     4.2742008553E+01
     4.2433941666E+01
     4.0711266659E+01
     3.7753165548E+01
     3.3788532651E+01
     2.9083831390E+01
     0.0000000000E+00
    -1.1764995386E+01
    -2.0092021625E+01
    -2.5127321119E+01
    -2.7106714969E+01
    -2.6343899500E+01
    -2.3216539673E+01
    -1.8150677666E+01
    -1.1604026224E+01
    -4.0487473452E+00
     4.0456736841E+00
     1.2228861021E+01
     2.0084723212E+01
     2.7244858903E+01
     3.3399752811E+01
     3.8307407465E+01
     4.1799154225E+01
     4.3782493325E+01
     4.4240923298E+01
     4.3230831100E+01
     4.0875621456E+01
     3.7357363550E+01
     3.2906321626E+01
     2.7788810175E+01
     0.0000000000E+00
    -8.4721539078E+00
    -1.3787494977E+01
    -1.6170230807E+01
    -1.5921288883E+01
    -1.3404664491E+01
    -9.0320876730E+00
    -3.2465729739E+00
     3.4945527331E+00
     1.0736538815E+01
     1.8043421621E+01
     2.5012995559E+01
     3.1290034885E+01
     3.6577326629E+01
     4.0644160354E+01
     4.3332017798E+01
     4.4557311212E+01
     4.4311129548E+01
     4.2656062500E+01
     3.9720279653E+01
     3.5689141866E+01
     3.0794710737E+01
     2.5303596581E+01
     0.0000000000E+00
    -5.4513256221E+00
    -8.0953915802E+00
    -8.2212261678E+00
    -6.1799140968E+00
    -2.3695191086E+00
     2.7811098554E+00
     8.8290592144E+00
     1.5333997396E+01
     2.1874157425E+01
     2.8061096797E+01
     3.3552727257E+01
     3.8064176269E+01
     4.1376126396E+01
     4.3340375469E+01
     4.3882465625E+01
     4.3001339272E+01
     4.0766090660E+01
     3.7309989015E+01
     3.2822049176E+01
     2.7536514719E+01
     2.1720693482E+01
     0.0000000000E+00
    -2.7703937104E+00
    -3.1378683329E+00
    -1.4413763390E+00
     1.9340157994E+00
     6.5730660864E+00
     1.2046824432E+01
     1.7929033629E+01
     2.3811878219E+01
     2.9320526208E+01
     3.4125958953E+01
     3.7955652786E+01
     4.0601759524E+01
     4.1926528855E+01
     4.1864820233E+01
     4.0423661342E+01
     3.7678920602E+01
     3.3769268293E+01
     2.8887700981E+01
     2.3270993155E+01
     1.7187515297E+01
     0.0000000000E+00
    -4.8367708154E-01
     9.9175222254E-01
     4.0535339857E+00
     8.2994559112E+00
     1.3314061106E+01
     1.8684800467E+01
     2.4017542886E+01
     2.8950892286E+01
     3.3168809973E+01
     3.6411108090E+01
     3.8481462632E+01
     3.9252689553E+01
     3.8669131333E+01
     3.6746110372E+01
     3.3566515479E+01
     2.9274694755E+01
     2.4067928153E+01
     1.8185842463E+01
     1.1898207007E+01
     0.0000000000E+00
     1.3697738225E+00
     4.2318631774E+00
     8.1964960749E+00
     1.2861224538E+01
     1.7826826354E+01
     2.2712572373E+01
     2.7170312846E+01
     3.0896884880E+01
     3.3644409468E+01
     3.5228128341E+01
     3.5531525020E+01
     3.4508577596E+01
     3.2183099044E+01
     2.8645230388E+01
     2.4045258723E+01
     1.8585031994E+01
     1.2507331979E+01
     6.0836426628E+00
     0.0000000000E+00
     2.7673544174E+00
     6.5543614929E+00
     1.0971089264E+01
     1.5631251751E+01
     2.0167229880E+01
     2.4243921650E+01
     2.7570927678E+01
     2.9912643722E+01
     3.1095912607E+01
     3.1014981278E+01
     2.9633610952E+01
     2.6984295951E+01
     2.3164655762E+01
     1.8331171131E+01
     1.2690534762E+01
     6.4889766435E+00
    -1.5090299080E-13
     0.0000000000E+00
     3.7035171264E+00
     7.9652836215E+00
     1.2411553931E+01
     1.6687522183E+01
     2.0470931375E+01
     2.3484030423E+01
     2.5503454280E+01
     2.6367682221E+01
     2.5981821736E+01
     2.4319566898E+01
     2.1422286879E+01
     1.7395308607E+01
     1.2401563362E+01
     6.6528665885E+00
     3.9918953073E-01
    -6.0836426628E+00
     0.0000000000E+00
     4.1897961548E+00
     8.5042682304E+00
     1.2601124906E+01
     1.6170750761E+01
     1.8947928775E+01
     2.0721500450E+01
     2.1341621791E+01
     2.0724364786E+01
     1.8853514525E+01
     1.5779518116E+01
     1.1615649125E+01
     6.5315565337E+00
     7.4446630336E-01
    -5.4916072465E+00
    -1.1898207007E+01
     0.0000000000E+00
     4.2542457374E+00
     8.2428657168E+00
     1.1668684154E+01
     1.4278907342E+01
     1.5874556590E+01
     1.6317513414E+01
     1.5534929287E+01
     1.3520851814E+01
     1.0335024362E+01
     6.0989229380E+00
     9.8919877648E-01
    -4.7712063393E+00
    -1.0923916106E+01
    -1.7187515297E+01
     0.0000000000E+00
     3.9403116949E+00
     7.2817534938E+00
     9.7838488264E+00
     1.1259779498E+01
     1.1583211892E+01
     1.0692505719E+01
     8.5921593952E+00
     5.3514503422E+00
     1.1003344735E+00
    -3.9772269394E+00
    -9.6522468168E+00
    -1.5661643527E+01
    -2.1720693482E+01
     0.0000000000E+00
     3.3051754426E+00
     5.7469533070E+00
     7.1506640906E+00
     7.4018295390E+00
     6.4501613079E+00
     4.3108156141E+00
     1.0628639027E+00
    -3.1549553407E+00
    -8.1510353640E+00
    -1.3689984866E+01
    -1.9503642994E+01
    -2.5303596581E+01
     0.0000000000E+00
     2.4176275638E+00
     3.7851808325E+00
     4.0001176546E+00
     3.0236599304E+00
     8.8184767233E-01
    -2.3361704310E+00
    -6.4825435231E+00
    -1.1357653438E+01
    -1.6719312523E+01
    -2.2293871590E+01
    -2.7788810175E+01
     0.0000000000E+00
     1.3555440849E+00
     1.5584873570E+00
     5.8173302731E-01
    -1.5375513393E+00
    -4.6998338750E+00
    -8.7477941440E+00
    -1.3473404974E+01
    -1.8627254917E+01
    -2.3929759057E+01
    -2.9083831390E+01
     0.0000000000E+00
     2.0305211346E-01
    -7.6162255813E-01
    -2.8454700797E+00
    -5.9382488394E+00
    -9.8727855510E+00
    -1.4432215293E+01
    -1.9359439645E+01
    -2.4368450908E+01
    -2.9157096429E+01
     0.0000000000E+00
    -9.5251792102E-01
    -3.0003956917E+00
    -6.0223382756E+00
    -9.8409130814E+00
    -1.4229959660E+01
    -1.8924194979E+01
    -2.3630662162E+01
    -2.8041597273E+01
     0.0000000000E+00
    -2.0237889288E+00
    -4.9861443670E+00
    -8.6989490406E+00
    -1.2926263777E+01
    -1.7394091669E+01
    -2.1801962922E+01
    -2.5835915207E+01
     0.0000000000E+00
    -2.9264945287E+00
    -6.5564538427E+00
    -1.0643656373E+01
    -1.4904834745E+01
    -1.9031408680E+01
    -2.2702590547E+01
     0.0000000000E+00
    -3.5825289189E+00
    -7.5640701579E+00
    -1.1651507505E+01
    -1.5527523712E+01
    -1.8863843293E+01
     0.0000000000E+00
    -3.9227847213E+00
    -7.8822666125E+00
    -1.1551742141E+01
    -1.4594755220E+01
     0.0000000000E+00
    -3.8896815098E+00
    -7.4095048550E+00
    -1.0214116957E+01
     0.0000000000E+00
    -3.4392982845E+00
    -6.0732306175E+00
     0.0000000000E+00
    -2.5430366670E+00
     0.0000000000E+00
