     3.1102500000E+02
     3.0924539957E+02
     3.0395820661E+02
     2.9531709411E+02
     2.8357434223E+02
     2.6907507271E+02
     2.5224918010E+02
     2.3360098264E+02
     2.1369665002E+02
     1.9314951468E+02
     1.7260344087E+02
     1.5271450639E+02
     1.3413134495E+02
     1.1747459547E+02
     1.0331600240E+02
     9.2157801233E+01
     8.4413097685E+01
     8.0388000000E+01
     8.0266284665E+01
     8.4097361019E+01
     9.1788245666E+01
     1.0310016181E+02
     1.1765024221E+02
     1.3491864061E+02
     1.5426115141E+02
     1.7492720836E+02
     1.9608289133E+02
     2.1683832650E+02
     2.3627863276E+02
     2.5349735783E+02
     2.6763117506E+02
     2.7789448554E+02
     2.8361250051E+02
     2.8425137212E+02
     2.7944400000E+02
     3.0746268878E+02
     3.0217231065E+02
     2.9354558704E+02
     2.8185014031E+02
     2.6744286912E+02
     2.5076086190E+02
     2.3231033738E+02
     2.1265371677E+02
     1.9239495973E+02
     1.7216334016E+02
     1.5259589485E+02
     1.3431884869E+02
     1.1792839858E+02
     1.0397131997E+02
     9.2925939135E+01
     8.5184082728E+01
     8.1034667494E+01
     8.0649620038E+01
     8.4072813197E+01
     9.1212667533E+01
     1.0183899085E+02
     1.1558451510E+02
     1.3195144034E+02
     1.5032311410E+02
     1.6998076791E+02
     1.9012501016E+02
     2.0990154603E+02
     2.2843037238E+02
     2.4483749111E+02
     2.5828800995E+02
     2.6801936619E+02
     2.7337332634E+02
     2.7382539031E+02
     2.6901026734E+02
     2.9684204760E+02
     2.8815757157E+02
     2.7640415826E+02
     2.6195381627E+02
     2.4525503128E+02
     2.2682080766E+02
     2.0721516961E+02
     1.8703829139E+02
     1.6691044678E+02
     1.4745500172E+02
     1.2928072089E+02
     1.1296371668E+02
     9.9029432542E+01
     8.7935118477E+01
     8.0053316118E+01
     7.5656919863E+01
     7.4906410447E+01
     7.7839863025E+01
     8.4366307844E+01
     9.4262964399E+01
     1.0717677809E+02
     1.2263056230E+02
     1.4003389154E+02
     1.5869870796E+02
     1.7785940173E+02
     1.9669691444E+02
     2.1436620468E+02
     2.3002621753E+02
     2.4287132646E+02
     2.5216307835E+02
     2.5726097914E+02
     2.5765101846E+02
     2.5297065013E+02
     2.7936262060E+02
     2.6746539109E+02
     2.5285579043E+02
     2.3599742265E+02
     2.1741456079E+02
     1.9767787497E+02
     1.7738913393E+02
     1.5716509675E+02
     1.3762082190E+02
     1.1935264379E+02
     1.0292110247E+02
     8.8834155911E+01
     7.7531054056E+01
     6.9367302693E+01
     6.4601188266E+01
     6.3382365147E+01
     6.5743018549E+01
     7.1592103787E+01
     8.0713121805E+01
     9.2765819065E+01
     1.0729209659E+02
     1.2372627960E+02
     1.4140973955E+02
     1.5960968065E+02
     1.7754171078E+02
     1.9439562132E+02
     2.0936361331E+02
     2.2167003787E+02
     2.3060157952E+02
     2.3553671027E+02
     2.3597319000E+02
     2.3155238994E+02
     2.5535900870E+02
     2.4049502370E+02
     2.2335533527E+02
     2.0447948331E+02
     1.8444941777E+02
     1.6387356002E+02
     1.4337041080E+02
     1.2355194778E+02
     1.0500705455E+02
     8.8285235552E+01
     7.3880894085E+01
     6.2218481976E+01
     5.3638865271E+01
     4.8387284608E+01
     4.6603316745E+01
     4.8313258475E+01
     5.3425350573E+01
     6.1728232561E+01
     7.2892965626E+01
     8.6478879223E+01
     1.0194338697E+02
     1.1865578184E+02
     1.3591486382E+02
     1.5297008161E+02
     1.6904569199E+02
     1.8336726500E+02
     1.9518970150E+02
     2.0382579071E+02
     2.0867423031E+02
     2.0924596872E+02
     2.0518771481E+02
     2.2530324647E+02
     2.0778325040E+02
     1.8849329838E+02
     1.6803076913E+02
     1.4701538112E+02
     1.2607230017E+02
     1.0581540079E+02
     8.6830927945E+01
     6.9661794190E+01
     5.4792747893E+01
     4.2636660032E+01
     3.3522196702E+01
     2.7683167922E+01
     2.5249865375E+01
     2.6242716713E+01
     3.0568586454E+01
     3.8020038104E+01
     4.8277834925E+01
     6.0916894950E+01
     7.5415828567E+01
     9.1170075158E+01
     1.0750852201E+02
     1.2371333911E+02
     1.3904260416E+02
     1.5275513184E+02
     1.6413676889E+02
     1.7252728210E+02
     1.7734685916E+02
     1.7812117161E+02
     1.7450392167E+02
     1.8980686110E+02
     1.7000603676E+02
     1.4899719828E+02
     1.2741552500E+02
     1.0589735735E+02
     8.5063104476E+01
     6.5500920195E+01
     4.7751375179E+01
     3.2293331066E+01
     1.9531212780E+01
     9.7838770848E+00
     3.2752852366E+00
     1.2720121393E-01
     3.5414923687E-01
     3.8608697492E+00
     1.0442506422E+01
     1.9787733403E+01
     3.1484988461E+01
     4.5031911763E+01
     5.9848001531E+01
     7.5290388379E+01
     9.0672503297E+01
     1.0528527559E+02
     1.1842035347E+02
     1.2939470005E+02
     1.3757578945E+02
     1.4240652209E+02
     1.4342890212E+02
     1.4030548228E+02
     1.4962147988E+02
     1.2797814416E+02
     1.0573031097E+02
     8.3529534978E+01
     6.2006990462E+01
     4.1756947491E+01
     2.3321611082E+01
     7.1775109057E+00
    -6.2764027243E+00
    -1.6728818714E+01
    -2.3964149111E+01
    -2.7868502819E+01
    -2.8433408251E+01
    -2.5757138520E+01
    -2.0043493405E+01
    -1.1597904332E+01
    -8.2075603176E-01
     1.1802135471E+01
     2.5711882854E+01
     4.0291634039E+01
     5.4884230496E+01
     6.8812105564E+01
     8.1398986322E+01
     9.1992837020E+01
     9.9989363952E+01
     1.0485529945E+02
     1.0615060491E+02
     1.0354868719E+02
     1.0563671153E+02
     8.2649385230E+01
     5.9686472424E+01
     3.7393692676E+01
     1.6375247793E+01
    -2.8213779894E+00
    -1.9718706141E+01
    -3.3920513768E+01
    -4.5120957889E+01
    -5.3111510623E+01
    -5.7785652987E+01
    -5.9141276968E+01
    -5.7280742749E+01
    -5.2408535648E+01
    -4.4826470618E+01
    -3.4926405774E+01
    -2.3180454294E+01
    -1.0128728741E+01
     3.6352856171E+00
     1.7481552221E+01
     3.0762228974E+01
     4.2831963511E+01
     5.3069254509E+01
     6.0898289513E+01
     6.5810574371E+01
     6.7385592461E+01
     6.5309681350E+01
     5.8874003340E+01
     3.5096253690E+01
     1.1979711395E+01
    -9.8580947055E+00
    -2.9861122094E+01
    -4.7547974457E+01
    -6.2522672492E+01
    -7.4482988130E+01
    -8.3226338383E+01
    -8.8653262152E+01
    -9.0768516419E+01
    -8.9679831257E+01
    -8.5594360685E+01
    -7.8812863827E+01
    -6.9721653164E+01
    -5.8782358506E+01
    -4.6519580147E+01
    -3.3506544821E+01
    -2.0348934144E+01
    -7.6671259823E+00
     3.9228280979E+00
     1.3829076177E+01
     2.1504185565E+01
     2.6465118115E+01
     2.8312297778E+01
     2.6747054267E+01
     1.0475280044E+01
    -1.3492175454E+01
    -3.6172288106E+01
    -5.6997556007E+01
    -7.5480023727E+01
    -9.1221752110E+01
    -1.0392251561E+02
    -1.1338477349E+02
    -1.1951600639E+02
    -1.2232853656E+02
    -1.2193696147E+02
    -1.1855333143E+02
    -1.1248019568E+02
    -1.0410163580E+02
    -9.3872402995E+01
    -8.2305282520E+01
    -6.9956827840E+01
    -5.7411639510E+01
    -4.5265411237E+01
    -3.4107025388E+01
    -2.4500049933E+01
    -1.6964063416E+01
    -1.1956308408E+01
    -9.8542401275E+00
    -1.0939588624E+01
    -3.8314602113E+01
    -6.1834892596E+01
    -8.3471554514E+01
    -1.0272775462E+02
    -1.1920166686E+02
    -1.3259369189E+02
    -1.4271063429E+02
    -1.4946698859E+02
    -1.5288352833E+02
    -1.5308341475E+02
    -1.5028604849E+02
    -1.4479888180E+02
    -1.3700739689E+02
    -1.2736344294E+02
    -1.1637211479E+02
    -1.0457735582E+02
    -9.2546477775E+01
    -8.0853813897E+01
    -7.0063758434E+01
    -6.0713493405E+01
    -5.3295759549E+01
    -4.8242087570E+01
    -4.5906962539E+01
    -4.6553442139E+01
    -8.6172210296E+01
    -1.0858657254E+02
    -1.2857024948E+02
    -1.4571585503E+02
    -1.5972325182E+02
    -1.7040307173E+02
    -1.7767705347E+02
    -1.8157545976E+02
    -1.8223187345E+02
    -1.7987568644E+02
    -1.7482259327E+02
    -1.6746338578E+02
    -1.5825132390E+02
    -1.4768833452E+02
    -1.3631027150E+02
    -1.2467145925E+02
    -1.1332874252E+02
    -1.0282527812E+02
    -9.3674329621E+01
    -8.6343361193E+01
    -8.1238769825E+01
    -7.8691639142E+01
    -7.8944939371E+01
    -1.3172688749E+02
    -1.5237211762E+02
    -1.7010785995E+02
    -1.8463244694E+02
    -1.9575995502E+02
    -2.0341970709E+02
    -2.0765259193E+02
    -2.0860457599E+02
    -2.0651780969E+02
    -2.0171973325E+02
    -1.9461057275E+02
    -1.8564958896E+02
    -1.7534040814E+02
    -1.6421572838E+02
    -1.5282166504E+02
    -1.4170197658E+02
    -1.3138240156E+02
    -1.2235533925E+02
    -1.1506512020E+02
    -1.0989413685E+02
    -1.0715013383E+02
    -1.0705498939E+02
    -1.7359878786E+02
    -1.9182755192E+02
    -2.0675434006E+02
    -2.1819636871E+02
    -2.2609093214E+02
    -2.3049071203E+02
    -2.3155605025E+02
    -2.2954466994E+02
    -2.2479934232E+02
    -2.1773398466E+02
    -2.0881864463E+02
    -1.9856378346E+02
    -1.8750422186E+02
    -1.7618306411E+02
    -1.6513587221E+02
    -1.5487532853E+02
    -1.4587660306E+02
    -1.3856363258E+02
    -1.3329652230E+02
    -1.3036029318E+02
    -1.2995521767E+02
    -2.1044274381E+02
    -2.2564615294E+02
    -2.3725784417E+02
    -2.4522344460E+02
    -2.4960854543E+02
    -2.5058979762E+02
    -2.4844326406E+02
    -2.4353061486E+02
    -2.3628374607E+02
    -2.2718837223E+02
    -2.1676709474E+02
    -2.0556238799E+02
    -1.9411988089E+02
    -1.8297224830E+02
    -1.7262397032E+02
    -1.6353717204E+02
    -1.5611872379E+02
    -1.5070876299E+02
    -1.4757079316E+02
    -1.4688351950E+02
    -2.4099658032E+02
    -2.5262818833E+02
    -2.6049519532E+02
    -2.6467708148E+02
    -2.6536858630E+02
    -2.6286672763E+02
    -2.5755551323E+02
    -2.4988901927E+02
    -2.4037348229E+02
    -2.2954900061E+02
    -2.1797137254E+02
    -2.0619452021E+02
    -1.9475386726E+02
    -1.8415096030E+02
    -1.7483955561E+02
    -1.6721333594E+02
    -1.6159538076E+02
    -1.5822948658E+02
    -1.5727342138E+02
    -2.6413200000E+02
    -2.7173216767E+02
    -2.7552281522E+02
    -2.7571829710E+02
    -2.7263893974E+02
    -2.6669427935E+02
    -2.5836456081E+02
    -2.4818124143E+02
    -2.3670719180E+02
    -2.2451721242E+02
    -2.1217939476E+02
    -2.0023775857E+02
    -1.8919649935E+02
    -1.7950608873E+02
    -1.7155138995E+02
    -1.6564188579E+02
    -1.6200406730E+02
    -1.6077600000E+02
    -2.7890574984E+02
    -2.8212515673E+02
    -2.8162553542E+02
    -2.7775250475E+02
    -2.7094395162E+02
    -2.6170993518E+02
    -2.5061153770E+02
    -2.3823945293E+02
    -2.2519302588E+02
    -2.1206035982E+02
    -1.9939999524E+02
    -1.8772454983E+02
    -1.7748659556E+02
    -1.6906694535E+02
    -1.6276543261E+02
    -1.5879419499E+02
    -1.5727342138E+02
    -2.8460848012E+02
    -2.8322946757E+02
    -2.7836054301E+02
    -2.7047028263E+02
    -2.6010173405E+02
    -2.4784957539E+02
    -2.3433700329E+02
    -2.2019316241E+02
    -2.0603182489E+02
    -1.9243190582E+02
    -1.7992026931E+02
    -1.6895714619E+02
    -1.5992435867E+02
    -1.5311643370E+02
    -1.4873459134E+02
    -1.4688351950E+02
    -2.8080854632E+02
    -2.7476295433E+02
    -2.6559370783E+02
    -2.5387942659E+02
    -2.4025178922E+02
    -2.2537065995E+02
    -2.0989979916E+02
    -1.9448396336E+02
    -1.7972806926E+02
    -1.6617895075E+02
    -1.5431008673E+02
    -1.4450952927E+02
    -1.3707112552E+02
    -1.3218900644E+02
    -1.2995521767E+02
    -2.6738800519E+02
    -2.5677022776E+02
    -2.4352570280E+02
    -2.2832582755E+02
    -2.1187064899E+02
    -1.9486277440E+02
    -1.7798276494E+02
    -1.6186678116E+02
    -1.4708709202E+02
    -1.3413589181E+02
    -1.2341270114E+02
    -1.1521546863E+02
    -1.0973534634E+02
    -1.0705498939E+02
    -2.4456822674E+02
    -2.2964235681E+02
    -2.1270566370E+02
    -1.9450112430E+02
    -1.7577370603E+02
    -1.5724395510E+02
    -1.3958398102E+02
    -1.2339653857E+02
    -1.0919772740E+02
    -9.7403642928E+01
    -8.8321130696E+01
    -8.2142629187E+01
    -7.8944939371E+01
    -2.1292288556E+02
    -1.9412304689E+02
    -1.7403062999E+02
    -1.5343564380E+02
    -1.3310203139E+02
    -1.1374187869E+02
    -9.5992914249E+01
    -8.0399903682E+01
    -6.7400340051E+01
    -5.7314629561E+01
    -5.0340781693E+01
    -4.6553442139E+01
    -1.7337659467E+02
    -1.5129985607E+02
    -1.2872964165E+02
    -1.0647582750E+02
    -8.5293703949E+01
    -6.5859764784E+01
    -4.8751631242E+01
    -3.4432588272E+01
    -2.3240990515E+01
    -1.5384583199E+01
    -1.0939588624E+01
    -1.2718808441E+02
    -1.0257970547E+02
    -7.8332108804E+01
    -5.5246119634E+01
    -3.4039979092E+01
    -1.5327658100E+01
     3.9793340685E-01
     1.2776516720E+01
     2.1586701430E+01
     2.6747054267E+01
    -7.5917573687E+01
    -4.9648724540E+01
    -2.4620881905E+01
    -1.5961198399E+00
     1.8772544707E+01
     3.5959418690E+01
     4.9578857568E+01
     5.9392297115E+01
     6.5309681350E+01
    -2.1378795200E+01
     5.5826971639E+00
     3.0428713804E+01
     5.2465368197E+01
     7.1131791057E+01
     8.6014165737E+01
     9.6853715894E+01
     1.0354868719E+02
     3.4423026127E+01
     6.1047948646E+01
     8.4721802536E+01
     1.0484697634E+02
     1.2097938752E+02
     1.3283758811E+02
     1.4030548228E+02
     8.9365128540E+01
     1.1460283956E+02
     1.3612602117E+02
     1.5345899265E+02
     1.6629581721E+02
     1.7450392167E+02
     1.4129024769E+02
     1.6411166990E+02
     1.8255927564E+02
     1.9630150033E+02
     2.0518771481E+02
     1.8809525053E+02
     2.0753700099E+02
     2.2207927522E+02
     2.3155238994E+02
     2.2782142341E+02
     2.4302902616E+02
     2.5297065013E+02
     2.5874219344E+02
     2.6901026734E+02
     2.7944400000E+02
