     0.0000000000E+00
    -2.7161670829E+01
    -5.2933467616E+01
    -7.6013353763E+01
    -9.5269343154E+01
    -1.0981081780E+02
    -1.1904436407E+02
    -1.2271051561E+02
    -1.2089899414E+02
    -1.1404139660E+02
    -1.0288170485E+02
    -8.8426402920E+01
    -7.1877289884E+01
    -5.4551191226E+01
    -3.7791629292E+01
    -2.2878058519E+01
    -1.0938469197E+01
    -2.8710000000E+00
     7.2031718275E-01
    -4.2860332101E-01
    -6.2176473181E+00
    -1.6181683076E+01
    -2.9513583556E+01
    -4.5110007917E+01
    -6.1637429709E+01
    -7.7614608101E+01
    -9.1506628405E+01
    -1.0182485616E+02
    -1.0722670510E+02
    -1.0660904315E+02
    -9.9189359821E+01
    -8.4569477519E+01
    -6.2777571999E+01
    -3.4285515720E+01
     1.2801481033E-13
     0.0000000000E+00
    -2.7042470585E+01
    -5.2596743932E+01
    -7.5410501031E+01
    -9.4426246440E+01
    -1.0884649802E+02
    -1.1818185501E+02
    -1.2227886656E+02
    -1.2132590571E+02
    -1.1583665105E+02
    -1.0661220362E+02
    -9.4684231200E+01
    -8.1242750307E+01
    -6.7553152265E+01
    -5.4867790560E+01
    -4.4337826966E+01
    -3.6931058737E+01
    -3.3361115192E+01
    -3.4032738142E+01
    -3.9006886851E+01
    -4.7988193010E+01
    -6.0335908327E+01
    -7.5098021020E+01
    -9.1066757739E+01
    -1.0685232406E+02
    -1.2097055440E+02
    -1.3193921470E+02
    -1.3837708770E+02
    -1.3909971059E+02
    -1.3320574752E+02
    -1.2014846072E+02
    -9.9787567792E+01
    -7.2417891574E+01
    -3.8772558420E+01
     0.0000000000E+00
    -2.6796020005E+01
    -5.2008674136E+01
    -7.4445456739E+01
    -9.3131467192E+01
    -1.0736775273E+02
    -1.1677110692E+02
    -1.2129281912E+02
    -1.2121521459E+02
    -1.1712624322E+02
    -1.0987377831E+02
    -1.0050258810E+02
    -9.0178060252E+01
    -8.0101623320E+01
    -7.1423364494E+01
    -6.5157554297E+01
    -6.2106641435E+01
    -6.2798782787E+01
    -6.7443153521E+01
    -7.5906189929E+01
    -8.7710619085E+01
    -1.0205770401E+02
    -1.1787166820E+02
    -1.3386384934E+02
    -1.4861285658E+02
    -1.6065594834E+02
    -1.6858607490E+02
    -1.7114859231E+02
    -1.6733157979E+02
    -1.5644399046E+02
    -1.3817651962E+02
    -1.1264104803E+02
    -8.0385755272E+01
     0.0000000000E+00
    -2.6406676199E+01
    -5.1130552712E+01
    -7.3049087269E+01
    -9.1278056050E+01
    -1.0522239245E+02
    -1.1460729042E+02
    -1.1948767259E+02
    -1.2023551124E+02
    -1.1750590966E+02
    -1.1218421402E+02
    -1.0531764615E+02
    -9.8035949769E+01
    -9.1466262682E+01
    -8.6647820994E+01
    -8.4452141495E+01
    -8.5514012430E+01
    -9.0177968497E+01
    -9.8463972645E+01
    -1.1005483284E+02
    -1.2430651940E+02
    -1.4028110151E+02
    -1.5680057907E+02
    -1.7251853805E+02
    -1.8600538737E+02
    -1.9584201689E+02
    -2.0071610851E+02
    -1.9951507381E+02
    -1.9140970319E+02
    -1.7592308698E+02
    -1.5298018425E+02
    -1.2293452259E+02
     0.0000000000E+00
    -2.5852099747E+01
    -4.9911306367E+01
    -7.1135360219E+01
    -8.8738878510E+01
    -1.0223609706E+02
    -1.1146292904E+02
    -1.1657707057E+02
    -1.1803629506E+02
    -1.1655647985E+02
    -1.1305221150E+02
    -1.0856393927E+02
    -1.0417651916E+02
    -1.0093455890E+02
    -9.9760200106E+01
    -1.0137884450E+02
    -1.0625785137E+02
    -1.1456243349E+02
    -1.2613190682E+02
    -1.4047817025E+02
    -1.5680688522E+02
    -1.7406037705E+02
    -1.9097988044E+02
    -2.0618348816E+02
    -2.1825511294E+02
    -2.2583900564E+02
    -2.2773393589E+02
    -2.2298106596E+02
    -2.1093984020E+02
    -1.9134685802E+02
    -1.6435366012E+02
     0.0000000000E+00
    -2.5104553872E+01
    -4.8290458030E+01
    -6.8606294435E+01
    -8.5373821395E+01
    -9.8222092492E+01
    -1.0710019865E+02
    -1.1226800992E+02
    -1.1426571079E+02
    -1.1386428702E+02
    -1.1200034769E+02
    -1.0969967698E+02
    -1.0799464240E+02
    -1.0784099433E+02
    -1.1003964875E+02
    -1.1516874787E+02
    -1.2353065810E+02
    -1.3511763156E+02
    -1.4959868198E+02
    -1.6632888147E+02
    -1.8438085425E+02
    -2.0259681469E+02
    -2.1965816095E+02
    -2.3416847289E+02
    -2.4474485004E+02
    -2.5011191830E+02
    -2.4919257372E+02
    -2.4118963710E+02
    -2.2565305968E+02
    -2.0252812363E+02
     0.0000000000E+00
    -2.4132554153E+01
    -4.6201728972E+01
    -6.5357764024E+01
    -8.1037990564E+01
    -9.2991872742E+01
    -1.0128424024E+02
    -1.0627674510E+02
    -1.0858897853E+02
    -1.0904199147E+02
    -1.0858809491E+02
    -1.0823170025E+02
    -1.0894654244E+02
    -1.1159487151E+02
    -1.1685408630E+02
    -1.2515582399E+02
    -1.3664173810E+02
    -1.5113914442E+02
    -1.6815845319E+02
    -1.8691291477E+02
    -2.0635977238E+02
    -2.2526052606E+02
    -2.4225675704E+02
    -2.5595691626E+02
    -2.6502871518E+02
    -2.6829131705E+02
    -2.6480144492E+02
    -2.5392780549E+02
    -2.3540886040E+02
     0.0000000000E+00
    -2.2902801891E+01
    -4.3577132990E+01
    -6.1285921285E+01
    -7.5590568774E+01
    -8.6366535767E+01
    -9.3796953621E+01
    -9.8344956471E+01
    -1.0070679191E+02
    -1.0174900502E+02
    -1.0243401250E+02
    -1.0373913038E+02
    -1.0657454311E+02
    -1.1170577676E+02
    -1.1968596065E+02
    -1.3080254508E+02
    -1.4504222821E+02
    -1.6207668662E+02
    -1.8127037551E+02
    -2.0171024646E+02
    -2.2225581314E+02
    -2.4160666555E+02
    -2.5838337494E+02
    -2.7121681896E+02
    -2.7884034563E+02
    -2.8017892845E+02
    -2.7442955964E+02
    -2.6112758312E+02
     0.0000000000E+00
    -2.1382322260E+01
    -4.0351395413E+01
    -5.6293976279E+01
    -6.8903972631E+01
    -7.8188272910E+01
    -8.4450714623E+01
    -8.8255533468E+01
    -9.0372952191E+01
    -9.1710711751E+01
    -9.3236246314E+01
    -9.5894802049E+01
    -1.0052906036E+02
    -1.0780573285E+02
    -1.1815415358E+02
    -1.3172113129E+02
    -1.4834528784E+02
    -1.6755286265E+02
    -1.8857558508E+02
    -2.1038979170E+02
    -2.3177458393E+02
    -2.5138556831E+02
    -2.6783967728E+02
    -2.7980579765E+02
    -2.8609548754E+02
    -2.8574797003E+02
    -2.7810386108E+02
     0.0000000000E+00
    -1.9540719206E+01
    -3.6466514573E+01
    -5.0299053003E+01
    -6.0872930714E+01
    -6.8331538758E+01
    -7.3101453227E+01
    -7.5847329321E+01
    -7.7410524755E+01
    -7.8735714798E+01
    -8.0790524157E+01
    -8.4483642884E+01
    -9.0586986987E+01
    -9.9667203921E+01
    -1.1203122489E+02
    -1.2768966707E+02
    -1.4634074548E+02
    -1.6737603742E+02
    -1.8990803405E+02
    -2.1281800195E+02
    -2.3482135054E+02
    -2.5454654208E+02
    -2.7062266349E+02
    -2.8177016107E+02
    -2.8688896153E+02
    -2.8513828385E+02
     0.0000000000E+00
    -1.7352453154E+01
    -3.1876274966E+01
    -4.3238834783E+01
    -5.1423102018E+01
    -5.6713433283E+01
    -5.9660546121E+01
    -6.1028273369E+01
    -6.1725850363E+01
    -6.2730402604E+01
    -6.5004917687E+01
    -6.9417264378E+01
    -7.6665746683E+01
    -8.7216256693E+01
    -1.0125534346E+02
    -1.1866249293E+02
    -1.3900367964E+02
    -1.6154688170E+02
    -1.8529883175E+02
    -2.0906089682E+02
    -2.3150072601E+02
    -2.5123525515E+02
    -2.6691987884E+02
    -2.7733814231E+02
    -2.8148619881E+02
     0.0000000000E+00
    -1.4799045153E+01
    -2.6550519976E+01
    -3.5077714647E+01
    -4.0518864991E+01
    -4.3302850220E+01
    -4.4105012771E+01
    -4.3786278982E+01
    -4.3319812904E+01
    -4.3710216479E+01
    -4.5910749788E+01
    -5.0744157043E+01
    -5.8832441192E+01
    -7.0540347985E+01
    -8.5936435836E+01
    -1.0477447615E+02
    -1.2649662065E+02
    -1.5025836954E+02
    -1.7497396423E+02
    -1.9937949985E+02
    -2.2210988822E+02
    -2.4178487561E+02
    -2.5709868956E+02
    -2.6690759643E+02
     0.0000000000E+00
    -1.1871112153E+01
    -2.0478997769E+01
    -2.5812180233E+01
    -2.8169932263E+01
    -2.8127984305E+01
    -2.6485559095E+01
    -2.4197457901E+01
    -2.2295857701E+01
    -2.1807113567E+01
    -2.3669158278E+01
    -2.8655034000E+01
    -3.7307683177E+01
    -4.9890393555E+01
    -6.6356281691E+01
    -8.6338973704E+01
    -1.0916527803E+02
    -1.3388922780E+02
    -1.5934548874E+02
    -1.8421886871E+02
    -2.0712560605E+02
    -2.2670132275E+02
    -2.4169005531E+02
     0.0000000000E+00
    -8.5701428367E+00
    -1.3674606684E+01
    -1.5475186632E+01
    -1.4436483994E+01
    -1.1281844091E+01
    -6.9320848612E+00
    -2.4312431082E+00
     1.1356346007E+00
     2.7271499292E+00
     1.4270230551E+00
    -3.4830351290E+00
    -1.2463891731E+01
    -2.5676971589E+01
    -4.2962495140E+01
    -6.3839518678E+01
    -8.7527920034E+01
    -1.1299106060E+02
    -1.3899651992E+02
    -1.6419112532E+02
    -1.8718555969E+02
    -2.0664318493E+02
     0.0000000000E+00
    -4.9099314523E+00
    -6.1758857328E+00
    -4.1393038436E+00
     5.6743772788E-01
     7.0745154508E+00
     1.4343642315E+01
     2.1247871052E+01
     2.6656887057E+01
     2.9522144794E+01
     2.8956241695E+01
     2.4301316507E+01
     1.5181979254E+01
     1.5392816775E+00
    -1.6356542711E+01
    -3.7915477436E+01
    -6.2258749845E+01
    -8.8269587238E+01
    -1.1466053425E+02
    -1.4005309148E+02
    -1.6306462832E+02
     0.0000000000E+00
    -9.1759833532E-01
     1.9513789776E+00
     8.0815330159E+00
     1.6672471483E+01
     2.6711247544E+01
     3.7048344906E+01
     4.6482144481E+01
     5.3846309511E+01
     5.8094378493E+01
     5.8376066366E+01
     5.4100329547E+01
     4.4981114046E+01
     3.1062823252E+01
     1.2723843113E+01
    -9.3421342263E+00
    -3.4165829175E+01
    -6.0560632303E+01
    -8.7195710356E+01
    -1.1267931485E+02
     0.0000000000E+00
     3.3658601997E+00
     1.0613530818E+01
     2.1031794296E+01
     3.3654546636E+01
     4.7331575161E+01
     6.0810716926E+01
     7.2826009703E+01
     8.2186113292E+01
     8.7857303502E+01
     8.9035721331E+01
     8.5204270503E+01
     7.6170552341E+01
     6.2083445150E+01
     4.3427299573E+01
     2.0994146578E+01
    -4.1642879627E+00
    -3.0801685553E+01
    -5.7555189691E+01
     0.0000000000E+00
     7.8855336471E+00
     1.9689466811E+01
     3.4515717225E+01
     5.1237618288E+01
     6.8576286463E+01
     8.5188008863E+01
     9.9755010906E+01
     1.1107380027E+02
     1.1813548115E+02
     1.2019297801E+02
     1.1681096516E+02
     1.0789541363E+02
     9.3700969298E+01
     7.4815785171E+01
     5.2124858206E+01
     2.6754278296E+01
     1.9255033312E-13
     0.0000000000E+00
     1.2573093799E+01
     2.9032136828E+01
     4.8300271390E+01
     6.9098508058E+01
     9.0030795989E+01
     1.0967558356E+02
     1.2667805359E+02
     1.3983722797E+02
     1.4818250655E+02
     1.5103490836E+02
     1.4804927672E+02
     1.3923492857E+02
     1.2495359827E+02
     1.0589495992E+02
     8.3031422393E+01
     5.7555189691E+01
     0.0000000000E+00
     1.7347829829E+01
     3.8471106519E+01
     6.2119683330E+01
     8.6873754891E+01
     1.1123460942E+02
     1.3371920124E+02
     1.5295263256E+02
     1.6775282024E+02
     1.7720216091E+02
     1.8070186164E+02
     1.7800571915E+02
     1.6923143735E+02
     1.5484899110E+02
     1.3564698322E+02
     1.1267931485E+02
     0.0000000000E+00
     2.2118206277E+01
     4.7816133700E+01
     7.5681417809E+01
     1.0416830547E+02
     1.3169294004E+02
     1.5672968935E+02
     1.7790259388E+02
     1.9406637405E+02
     2.0437213550E+02
     2.0831390406E+02
     2.0575334551E+02
     1.9692140308E+02
     1.8239703107E+02
     1.6306462832E+02
     0.0000000000E+00
     2.6783908916E+01
     5.6861670139E+01
     8.8673458546E+01
     1.2056580412E+02
     1.5089014283E+02
     1.7809956152E+02
     2.0083788812E+02
     2.1801581177E+02
     2.2886957049E+02
     2.3299886365E+02
     2.3038196088E+02
     2.2136740804E+02
     2.0664318493E+02
     0.0000000000E+00
     3.1238325036E+01
     6.5392165355E+01
     1.0077268104E+02
     1.3564017962E+02
     1.6830456034E+02
     1.9722107139E+02
     2.2107569176E+02
     2.3885514853E+02
     2.4989757608E+02
     2.5392105435E+02
     2.5102865139E+02
     2.4169005531E+02
     0.0000000000E+00
     3.5371387848E+01
     7.3188017475E+01
     1.1165406642E+02
     1.4896817352E+02
     1.8342431584E+02
     2.1350512671E+02
     2.3796221327E+02
     2.5587888821E+02
     2.6671185552E+02
     2.7030971555E+02
     2.6690759643E+02
     0.0000000000E+00
     3.9072700047E+01
     8.0031989516E+01
     1.2100046968E+02
     1.6014241341E+02
     1.9576354569E+02
     2.2640044609E+02
     2.5089446313E+02
     2.6844603243E+02
     2.7864653073E+02
     2.8148619881E+02
     0.0000000000E+00
     4.2234839600E+01
     8.5715888644E+01
     1.2851262916E+02
     1.6878460591E+02
     2.0487853617E+02
     2.3541231997E+02
     2.5934125378E+02
     2.7600288516E+02
     2.8513828385E+02
     0.0000000000E+00
     4.4756742037E+01
     9.0047291806E+01
     1.3391908847E+02
     1.7455841056E+02
     2.1038322140E+02
     2.4012033667E+02
     2.6286270702E+02
     2.7810386108E+02
     0.0000000000E+00
     4.6547048229E+01
     9.2856094151E+01
     1.3698569690E+02
     1.7718155611E+02
     2.1196350856E+02
     2.4019445661E+02
     2.6112758312E+02
     0.0000000000E+00
     4.7527305045E+01
     9.4000657288E+01
     1.3752436080E+02
     1.7643677647E+02
     2.0938992450E+02
     2.3540886040E+02
     0.0000000000E+00
     4.7634908507E+01
     9.3373342545E+01
     1.3540073617E+02
     1.7218117384E+02
     2.0252812363E+02
     0.0000000000E+00
     4.6825685074E+01
     9.0905230004E+01
     1.3054058077E+02
     1.6435366012E+02
     0.0000000000E+00
     4.5076016335E+01
     8.6569846590E+01
     1.2293452259E+02
     0.0000000000E+00
     4.2384425301E+01
     8.0385755272E+01
     0.0000000000E+00
     3.8772558420E+01
     0.0000000000E+00
