     0.0000000000E+00
    -4.5797239428E+01
    -9.1191954283E+01
    -1.3576988731E+02
    -1.7909461429E+02
    -2.2069961746E+02
    -2.6008390383E+02
    -2.9671196036E+02
    -3.3001853617E+02
    -3.5941840177E+02
    -3.8432087848E+02
    -4.0414858103E+02
    -4.1835949366E+02
    -4.2647122815E+02
    -4.2808610564E+02
    -4.2291558046E+02
    -4.1080248865E+02
    -3.9173966320E+02
    -3.6588360727E+02
    -3.3356215035E+02
    -2.9527531513E+02
    -2.5168897978E+02
    -2.0362130859E+02
    -1.5202232208E+02
    -9.7947361679E+01
    -4.2525550676E+01
     1.3075357628E+01
     6.7686140155E+01
     1.2017354302E+02
     1.6947624085E+02
     2.1463762770E+02
     2.5483391594E+02
     2.8939626941E+02
     3.1782601960E+02
     3.3980238768E+02
    -9.0851510568E+01
    -1.3477394562E+02
    -1.7718443560E+02
    -2.1769994384E+02
    -2.5592449473E+02
    -2.9144198342E+02
    -3.2381274645E+02
    -3.5257456169E+02
    -3.7724842596E+02
    -3.9734911035E+02
    -4.1240013957E+02
    -4.2195250427E+02
    -4.2560611657E+02
    -4.2303277827E+02
    -4.1399926462E+02
    -3.9838904477E+02
    -3.7622117086E+02
    -3.4766496980E+02
    -3.1304936244E+02
    -2.7286590150E+02
    -2.2776494847E+02
    -1.7854478116E+02
    -1.2613381595E+02
    -7.1566518187E+01
    -1.5953938724E+01
     3.9549869571E+01
     9.3784051769E+01
     1.4561809681E+02
     1.9398818446E+02
     2.3793101198E+02
     2.7661349963E+02
     3.0935698550E+02
     3.3565480984E+02
     3.5518254117E+02
    -1.7650747624E+02
    -2.1605276553E+02
    -2.5308649943E+02
    -2.8728990121E+02
    -3.1833885204E+02
    -3.4589713422E+02
    -3.6961363251E+02
    -3.8912403477E+02
    -4.0405723862E+02
    -4.1404631913E+02
    -4.1874356570E+02
    -4.1783877627E+02
    -4.1107972490E+02
    -3.9829351295E+02
    -3.7940738694E+02
    -3.5446756856E+02
    -3.2365469617E+02
    -2.8729462158E+02
    -2.4586353221E+02
    -1.9998666513E+02
    -1.5043022771E+02
    -9.8086520208E+01
    -4.3952644990E+01
     1.0896437321E+01
     6.5339406052E+01
     1.1824325319E+02
     1.6849954454E+02
     2.1506056482E+02
     2.5697361946E+02
     2.9341184066E+02
     3.2370001437E+02
     3.4733419845E+02
     3.6399422652E+02
    -2.5208088048E+02
    -2.8501057656E+02
    -3.1460579199E+02
    -3.4064019857E+02
    -3.6288722320E+02
    -3.8111348958E+02
    -3.9507640471E+02
    -4.0452630061E+02
    -4.0921319733E+02
    -4.0889790237E+02
    -4.0336682552E+02
    -3.9244958934E+02
    -3.7603827331E+02
    -3.5410695980E+02
    -3.2673016440E+02
    -2.9409873813E+02
    -2.5653192510E+02
    -2.1448444214E+02
    -1.6854770541E+02
    -1.1944464982E+02
    -6.8017948879E+01
    -1.5211826526E+01
     3.7951967238E+01
     9.0403089255E+01
     1.4105520911E+02
     1.8884081055E+02
     2.3274655051E+02
     2.7184746957E+02
     3.0533837587E+02
     3.3256084918E+02
     3.5302452562E+02
     3.6642161542E+02
    -3.1328329521E+02
    -3.3775545347E+02
    -3.5830278967E+02
    -3.7481293804E+02
    -3.8717520592E+02
    -3.9527407014E+02

    -3.9898699967E+02
    -3.9818688111E+02
    -3.9274897384E+02
    -3.8256197488E+02
    -3.6754245279E+02
    -3.4765163552E+02
    -3.2291332679E+02
    -2.9343159425E+02
    -2.5940682784E+02
    -2.2114881401E+02
    -1.7908560719E+02
    -1.3376719794E+02
    -8.5863263830E+01
    -3.6154628369E+01
     1.4481576030E+01
     6.5092664664E+01
     1.1467633390E+02
     1.6221069817E+02
     2.0668708408E+02
     2.4714403552E+02
     2.8270087105E+02
     3.1258911663E+02
     3.3618021512E+02
     3.5300808542E+02
     3.6278535891E+02
    -3.5667911403E+02
    -3.7135711635E+02
    -3.8179401194E+02
    -3.8800482694E+02
    -3.9000455489E+02
    -3.8780167145E+02
    -3.8139615402E+02
    -3.7078214606E+02
    -3.5595505487E+02
    -3.3692253308E+02
    -3.1371849271E+02
    -2.8641905304E+02
    -2.5515914819E+02
    -2.2014842733E+02
    -1.8168507745E+02
    -1.4016628574E+02
    -9.6094232106E+01
    -5.0076751253E+01
    -2.8221142520E+00
     4.4872268143E+01
     9.2137044267E+01
     1.3805347459E+02
     1.8168044427E+02
     2.2208473971E+02
     2.5837315864E+02
     2.8972486803E+02
     3.1542236024E+02
     3.3487938926E+02
     3.4766439506E+02
     3.5351813895E+02
    -3.7988875298E+02
    -3.8401984425E+02
    -3.8389206948E+02
    -3.7965228223E+02
    -3.7144179558E+02
    -3.5938999487E+02
    -3.4361262986E+02
    -3.2421478673E+02
    -3.0129819163E+02
    -2.7497217196E+02
    -2.4536732212E+02
    -2.1265070326E+02
    -1.7704126722E+02
    -1.3882414161E+02
    -9.8362450352E+01
    -5.6105470215E+01
    -1.2592131106E+01
     3.1550855289E+01
     7.5616625244E+01
     1.1883157666E+02
     1.6037422112E+02
     1.9939877081E+02
     2.3506243373E+02
     2.6655512390E+02
     2.9313009862E+02
     3.1413392630E+02
     3.2903417252E+02
     3.3744327213E+02
     3.3913722590E+02
    -3.8172867921E+02
    -3.7518753498E+02
    -3.6467420393E+02
    -3.5046245496E+02
    -3.3281130864E+02
    -3.1195894375E+02
    -2.8812144874E+02
    -2.6149627693E+02
    -2.3226992130E+02
    -2.0062901667E+02
    -1.6677382230E+02
    -1.3093285422E+02
    -9.3377334057E+01
    -5.4434108228E+01
    -1.4495768327E+01
     2.5973134000E+01
     6.6434645727E+01
     1.0628131283E+02
     1.4484564783E+02
     1.8141502526E+02
     2.1525150271E+02
     2.4561572495E+02
     2.7179377449E+02
     2.9312560135E+02
     3.0903351340E+02
     3.1904914652E+02
     3.2283736625E+02
     3.2021567777E+02
    -3.6227992283E+02
    -3.4557466705E+02
    -3.2547527024E+02
    -3.0236838109E+02
    -2.7661337259E+02
    -2.4853684517E+02
    -2.1843212379E+02
    -1.8656346316E+02
    -1.5317434357E+02
    -1.1849895197E+02
    -8.2775716878E+01
    -4.6261616475E+01
    -9.2459159145E+00
     2.7937983723E+01
     6.4903787014E+01
     1.0120764175E+02
     1.3634831179E+02
     1.6977260537E+02
     2.0088612713E+02
     2.2906905895E+02
     2.5369632373E+02
     2.7416116900E+02
     2.8990094477E+02
     3.0042365841E+02
     3.0533378223E+02
     3.0435577400E+02
     2.9735384868E+02
    -3.2288102208E+02
    -2.9712136918E+02
    -2.6880564846E+02
    -2.3841101900E+02
    -2.0637215546E+02
    -1.7307674136E+02
    -1.3886607749E+02
    -1.0404037351E+02
    -6.8867974101E+01
    -3.3597507351E+01
     1.5282514074E+00
     3.6258119615E+01
     7.0319194823E+01
     1.0340576675E+02
     1.3517157960E+02
     1.6522634188E+02
     1.9313709080E+02
     2.1843468433E+02
     2.4062533719E+02
     2.5920676034E+02
     2.7368812892E+02
     2.8361281299E+02
     2.8858257761E+02
     2.8828180780E+02
     2.8250025180E+02
     2.7115280597E+02
    -2.6604588883E+02
    -2.3287535785E+02
    -1.9819907664E+02
    -1.6255531973E+02
    -1.2642284670E+02
    -9.0217846218E+01
    -5.4296075067E+01
    -1.8959613701E+01
     1.5532637971E+01
     4.8951836853E+01
     8.1084717386E+01
     1.1171910353E+02
     1.4063074300E+02
     1.6757269025E+02
     1.9226827784E+02
     2.1440845923E+02
     2.3365399530E+02
     2.4964261225E+02
     2.6200090172E+02
     2.7036038732E+02
     2.7437686834E+02
     2.7375189017E+02
     2.6825499996E+02
     2.5774533764E+02
     2.4219109406E+02
    -1.9531158597E+02
    -1.5680788996E+02
    -1.1799959850E+02
    -7.9451429621E+01
    -4.1650765340E+01
    -5.0065439575E+00
     3.0146628116E+01
     6.3539869848E+01
     9.4957923332E+01
     1.2422475980E+02
     1.5118822140E+02
     1.7570506097E+02
     1.9762768649E+02
     2.1679377465E+02
     2.3301969876E+02
     2.4609843404E+02
     2.5580227606E+02
     2.6189035693E+02
     2.6412059127E+02
     2.6226535185E+02
     2.5612988555E+02
     2.4557225167E+02
     2.3052341224E+02
     2.1100603799E+02
    -1.1502521145E+02
    -7.3574832621E+01
    -3.3100465838E+01
     5.8445914505E+00
     4.2801848440E+01
     7.7406278842E+01
     1.0937980547E+02
     1.3852048008E+02
     1.6468847363E+02
     1.8779016294E+02
     2.0776168445E+02
     2.2455331997E+02
     2.3811598410E+02
     2.4839090473E+02
     2.5530333870E+02
     2.5876086015E+02
     2.5865641959E+02
     2.5487601784E+02
     2.4731049489E+02
     2.3587062003E+02
     2.2050440785E+02
     2.0121539067E+02
     1.7808046572E+02
    -3.0082730336E+01
     1.1762763724E+01
     5.1349291738E+01
     8.8173737151E+01
     1.2184372781E+02
     1.5207337403E+02
     1.7867396455E+02
     2.0154062808E+02
     2.2063618296E+02
     2.3597353153E+02
     2.4759799958E+02
     2.5557097457E+02
     2.5995606198E+02
     2.6080876665E+02
     2.5817042912E+02
     2.5206682414E+02
     2.4251147978E+02
     2.2951342418E+02
     2.1308873472E+02
     1.9327497293E+02
     1.7014735685E+02
     1.4383536528E+02
     5.4364530880E+01
     9.4041785550E+01
     1.3025299264E+02
     1.6258250367E+02
     1.9073866754E+02
     2.1454624544E+02
     2.3393401239E+02
     2.4891868485E+02
     2.5958649356E+02
     2.6607381476E+02
     2.6854827510E+02
     2.6719165733E+02
     2.6218576171E+02
     2.5370213339E+02
     2.4189626491E+02
     2.2690654506E+02
     2.0885787213E+02
     1.8786950419E+02
     1.6406640272E+02
     1.3759306017E+02
     1.0862860268E+02
     1.3321808822E+02
     1.6830566165E+02
     1.9887062455E+02
     2.2461830979E+02
     2.4538756546E+02
     2.6113954231E+02
     2.7194200427E+02
     2.7795042243E+02
     2.7938725495E+02
     2.7652086665E+02
     2.6964550155E+02
     2.5906359237E+02
     2.4507148268E+02
     2.2794936255E+02
     2.0795589703E+02
     1.8532767762E+02
     1.6028327325E+02
     1.3303132193E+02
     1.0378180813E+02
     7.2759432930E+01
     2.0173669963E+02
     2.3009993738E+02
     2.5310111202E+02
     2.7059418345E+02
     2.8257152583E+02
     2.8914891098E+02
     2.9054646445E+02
     2.8706696304E+02
     2.7907294237E+02
     2.6696409120E+02
     2.5115632476E+02
     2.3206376071E+02
     2.1008457768E+02
     1.8559143567E+02
     1.5892679837E+02
     1.3040314142E+02
     1.0030768107E+02
     6.8910936113E+01
     3.6478163532E+01
     2.5581870813E+02
     2.7573710720E+02
     2.8972563020E+02
     2.9780688097E+02
     3.0014149787E+02
     2.9700930541E+02
     2.8878700381E+02
     2.7592385651E+02
     2.5891689171E+02
     2.3828709654E+02
     2.1455795575E+02
     1.8823747835E+02
     1.5980458089E+02
     1.2970037182E+02
     9.8324528702E+01
     6.6036601817E+01
     3.3161736111E+01
    -4.3044924933E-13
     2.9224542500E+02
     3.0251486566E+02
     3.0659742849E+02
     3.0469542754E+02
     2.9714315948E+02
     2.8438435936E+02
     2.6694687178E+02
     2.4541606910E+02
     2.2040855815E+02
     1.9254763418E+02
     1.6244177130E+02
     1.3066719376E+02
     9.7755268495E+01
     6.4185115994E+01
     3.0381474774E+01
    -3.2825013863E+00
    -3.6478163532E+01
     3.0887101436E+02
     3.0887475907E+02
     3.0276686535E+02
     2.9093066967E+02
     2.7386966931E+02
     2.5218158689E+02
     2.2653043198E+02
     1.9761814013E+02
     1.6615733220E+02
     1.3284660886E+02
     9.8349584324E+01
     6.3278584808E+01
     2.8183607694E+01
    -6.4532211248E+00
    -4.0217820079E+01
    -7.2759432930E+01
     3.0474757668E+02
     2.9449182295E+02
     2.7853426880E+02
     2.5743059583E+02
     2.3183926374E+02
     2.0249265332E+02
     1.7016707921E+02
     1.3565327589E+02
     9.9728875402E+01
     6.3134222478E+01
     2.6552623493E+01
    -9.4041841576E+00
    -4.4204905940E+01
    -7.7401840270E+01
    -1.0862860268E+02
     2.8017804334E+02
     2.6028995580E+02
     2.3542759137E+02
     2.0630065750E+02
     1.7369920549E+02
     1.3846247400E+02
     1.0144754786E+02
     6.3499431342E+01
     2.5424002690E+01
    -1.2034898978E+01
    -4.8213288583E+01
    -8.2539122553E+01
    -1.1453839649E+02
    -1.4383536528E+02
     2.3669384843E+02
     2.0838225683E+02
     1.7610636000E+02
     1.4070284049E+02
     1.0306202525E+02
     6.4095182420E+01
     2.4702629700E+01
    -1.4255779748E+01
    -5.1986406655E+01
    -8.7782679180E+01
    -1.2104023705E+02
    -1.5126591166E+02
    -1.7808046572E+02
     1.7695887583E+02
     1.4194007372E+02
     1.0419785705E+02
     6.4661522175E+01
     2.4284068466E+01
    -1.5991197037E+01
    -5.5262221730E+01
    -9.2696433369E+01
    -1.2755434990E+02
    -1.5920758657E+02
    -1.8715061914E+02
    -2.1100603799E+02
     1.0460561647E+02
     6.4998793130E+01
     2.4075541281E+01
    -1.7182053290E+01
    -5.7800178308E+01
    -9.6846460888E+01
    -1.3346028096E+02
    -1.6687882194E+02
    -1.9645771287E+02
    -2.2168544248E+02
    -2.4219109406E+02
     2.4013543388E+01
    -1.7787795325E+01
    -5.9406818012E+01
    -9.9851771576E+01
    -1.3817186173E+02
    -1.7348923986E+02
    -2.0502714959E+02
    -2.3213294397E+02
    -2.5429498681E+02
    -2.7115280597E+02
    -5.9956822754E+01
    -1.0142965173E+02
    -1.4120917353E+02
    -1.7833803167E+02
    -2.1193184769E+02
    -2.4120909245E+02
    -2.6551618933E+02
    -2.8434670871E+02
    -2.9735384868E+02
    -1.4225803696E+02
    -1.8090206892E+02
    -2.1640960725E+02
    -2.4790029003E+02
    -2.7459673656E+02
    -2.9585142044E+02
    -3.1116793421E+02
    -3.2021567777E+02
    -2.1796024938E+02
    -2.5144845715E+02
    -2.8050072519E+02
    -3.0435249951E+02
    -3.2236894195E+02
    -3.3406801423E+02
    -3.3913722590E+02
    -2.8254773175E+02
    -3.0886606047E+02
    -3.2966016708E+02
    -3.4431424087E+02
    -3.5236456338E+02
    -3.5351813895E+02
    -3.3218953613E+02
    -3.4975739699E+02
    -3.6097895236E+02
    -3.6541244497E+02
    -3.6278535891E+02
    -3.6396800400E+02
    -3.7173231519E+02
    -3.7263395839E+02
    -3.6642161542E+02
    -3.7605141830E+02
    -3.7354856764E+02
    -3.6399422652E+02
    -3.6780048988E+02
    -3.5518254117E+02
    -3.3980238768E+02
