     0.0000000000E+00
    -2.3621185123E+01
    -4.7008064977E+01
    -6.9934122470E+01
    -9.2188127732E+01
    -1.1358106889E+02
    -1.3395225511E+02
    -1.5317436111E+02
    -1.7115721920E+02
    -1.8785020855E+02
    -2.0324314063E+02
    -2.1736559285E+02
    -2.3028469746E+02
    -2.4210144838E+02
    -2.5294564232E+02
    -2.6296962106E+02
    -2.7234102688E+02
    -2.8123482168E+02
    -2.8982485048E+02
    -2.9827525116E+02
    -3.0673202279E+02
    -3.1531506542E+02
    -3.2411099311E+02
    -3.3316700097E+02
    -3.4248603518E+02
    -3.5202347476E+02
    -3.6168548484E+02
    -3.7132914670E+02
    -3.8076440997E+02
    -3.8975785039E+02
    -3.9803815378E+02
    -4.0530318583E+02
    -4.1122844986E+02
    -4.1547668349E+02
    -4.1770830096E+02
    -4.7125723761E+01
    -7.0280034745E+01
    -9.2859762706E+01
    -1.1465724203E+02
    -1.3548836697E+02
    -1.5519861023E+02
    -1.7366796154E+02
    -1.9081459526E+02
    -2.0659712016E+02
    -2.2101531386E+02
    -2.3410929777E+02
    -2.4595716348E+02
    -2.5667111671E+02
    -2.6639225861E+02
    -2.7528417417E+02
    -2.8352554220E+02
    -2.9130201928E+02
    -2.9879767988E+02
    -3.0618631521E+02
    -3.1362290371E+02
    -3.2123556580E+02
    -3.2911830458E+02
    -3.3732481234E+02
    -3.4586359143E+02
    -3.5469459728E+02
    -3.6372756283E+02
    -3.7282210910E+02
    -3.8178968691E+02
    -3.9039733324E+02
    -3.9837316305E+02
    -4.0541345650E+02
    -4.1119114459E+02
    -4.1536544471E+02
    -4.1759235375E+02
    -9.3085853658E+01
    -1.1520333010E+02
    -1.3642837918E+02
    -1.5658184129E+02
    -1.7551542427E+02
    -1.9311654311E+02
    -2.0931186874E+02
    -2.2406944220E+02
    -2.3739926043E+02
    -2.4935229318E+02
    -2.6001794573E+02
    -2.6952003736E+02
    -2.7801141888E+02
    -2.8566740198E+02
    -2.9267821766E+02
    -2.9924075838E+02
    -3.0554988766E+02
    -3.1178962093E+02
    -3.1812449109E+02
    -3.2469141157E+02
    -3.3159233834E+02
    -3.3888801028E+02
    -3.4659301573E+02
    -3.5467239225E+02
    -3.6303991822E+02
    -3.7155820025E+02
    -3.8004060117E+02
    -3.8825499172E+02
    -3.9592924701E+02
    -4.0275834786E+02
    -4.0841289068E+02
    -4.1254875796E+02
    -4.1481765791E+02
    -1.3674478421E+02
    -1.5728361814E+02
    -1.7664563483E+02
    -1.9468882169E+02
    -2.1130809900E+02
    -2.2643875624E+02
    -2.4005843565E+02
    -2.5218757250E+02
    -2.6288825547E+02
    -2.7226152555E+02
    -2.8044318724E+02
    -2.8759825894E+02
    -2.9391423867E+02
    -2.9959340540E+02
    -3.0484441292E+02
    -3.0987346204E+02
    -3.1487535629E+02
    -3.2002475540E+02
    -3.2546793977E+02
    -3.3131538723E+02
    -3.3763544126E+02
    -3.4444931780E+02
    -3.5172765688E+02
    -3.5938877706E+02
    -3.6729873585E+02
    -3.7527324042E+02
    -3.8308139140E+02
    -3.9045118063E+02
    -3.9707660336E+02
    -4.0262618878E+02
    -4.0675270172E+02
    -4.0910372457E+02
    -1.7702600314E+02
    -1.9548628762E+02
    -2.1252875052E+02
    -2.2805586178E+02
    -2.4201161336E+02
    -2.5438337796E+02
    -2.6520220797E+02
    -2.7454154177E+02
    -2.8251433955E+02
    -2.8926872629E+02
    -2.9498227253E+02
    -2.9985509254E+02
    -3.0410198346E+02
    -3.0794386483E+02
    -3.1159880679E+02
    -3.1527295353E+02
    -3.1915165749E+02
    -3.2339113817E+02
    -3.2811096689E+02
    -3.3338765655E+02
    -3.3924960281E+02
    -3.4567358249E+02
    -3.5258296611E+02
    -3.5984774728E+02
    -3.6728643227E+02
    -3.7466977249E+02
    -3.8172626019E+02
    -3.8814924813E+02
    -3.9360549731E+02
    -3.9774490599E+02
    -4.0021113000E+02
    -2.1293945837E+02
    -2.2887569215E+02
    -2.4320501202E+02
    -2.5588015281E+02
    -2.6689830154E+02
    -2.7630126027E+02
    -2.8417400177E+02
    -2.9064164399E+02
    -2.9586492486E+02
    -3.0003431172E+02
    -3.0336292891E+02
    -3.0607853012E+02
    -3.0841477817E+02
    -3.1060212280E+02
    -3.1285858493E+02
    -3.1538076454E+02
    -3.1833538656E+02
    -3.2185168668E+02
    -3.2601491599E+02
    -3.3086121046E+02
    -3.3637403044E+02
    -3.4248232645E+02
    -3.4906053277E+02
    -3.5593043214E+02
    -3.6286487298E+02
    -3.6959325962E+02
    -3.7580867597E+02
    -3.8117644684E+02
    -3.8534389065E+02
    -3.8795097397E+02
    -2.4360639054E+02
    -2.5663837974E+02
    -2.6793312906E+02
    -2.7749767284E+02
    -2.8538464331E+02
    -2.9169068010E+02
    -2.9655324622E+02
    -3.0014593556E+02
    -3.0267241048E+02
    -3.0435915632E+02
    -3.0544728335E+02
    -3.0618364181E+02
    -3.0681154330E+02
    -3.0756139938E+02
    -3.0864159592E+02
    -3.1022991895E+02
    -3.1246583437E+02
    -3.1544390055E+02
    -3.1920855975E+02
    -3.2375051269E+02
    -3.2900483211E+02
    -3.3485091596E+02
    -3.4111432252E+02
    -3.4757046858E+02
    -3.5395011041E+02
    -3.5994646775E+02
    -3.6522379514E+02
    -3.6942715447E+02
    -3.7219309978E+02
    -2.6828091791E+02
    -2.7810276864E+02
    -2.8612079071E+02
    -2.9239846951E+02
    -2.9704418603E+02
    -3.0020787809E+02
    -3.0207618280E+02
    -3.0286620242E+02
    -3.0281808465E+02
    -3.0218665108E+02
    -3.0123234330E+02
    -3.0021178248E+02
    -2.9936825602E+02
    -2.9892245157E+02
    -2.9906375566E+02
    -2.9994242009E+02
    -3.0166287543E+02
    -3.0427843752E+02
    -3.0778761100E+02
    -3.1213214470E+02
    -3.1719693915E+02
    -3.2281184755E+02
    -3.2875535040E+02
    -3.3476002323E+02
    -3.4051965710E+02
    -3.4569783615E+02
    -3.4993772612E+02
    -3.5287278526E+02
    -2.8636776756E+02
    -2.9275472588E+02
    -2.9733794282E+02
    -3.0023755186E+02
    -3.0161603219E+02
    -3.0167318932E+02
    -3.0063975065E+02
    -2.9876977106E+02
    -2.9633208609E+02
    -2.9360108535E+02
    -2.9084710574E+02
    -2.8832676021E+02
    -2.8627352503E+02
    -2.8488890408E+02
    -2.8433447473E+02
    -2.8472509505E+02
    -2.8612351841E+02
    -2.8853661922E+02
    -2.9191338413E+02
    -2.9614476819E+02
    -3.0106545640E+02
    -3.0645751023E+02
    -3.1205581775E+02
    -3.1755520652E+02
    -3.2261902337E+02
    -3.2688893485E+02
    -3.2999566015E+02
    -2.9743567270E+02
    -3.0024863849E+02
    -3.0132545236E+02
    -3.0084113303E+02
    -2.9900871186E+02
    -2.9607266075E+02
    -2.9230112376E+02
    -2.8797719385E+02
    -2.8338951123E+02
    -2.7882248592E+02
    -2.7454646363E+02
    -2.7080815993E+02
    -2.6782168365E+02
    -2.6576045495E+02
    -2.6475029903E+02
    -2.6486396161E+02
    -2.6611725001E+02
    -2.6846695370E+02
    -2.7181064296E+02
    -2.7598838560E+02
    -2.8078636025E+02
    -2.8594228414E+02
    -2.9115251413E+02
    -2.9608062438E+02
    -3.0036721461E+02
    -3.0364066072E+02
    -3.0122609658E+02
    -3.0041371320E+02
    -2.9799897192E+02
    -2.9420811475E+02
    -2.8929940603E+02
    -2.8355519196E+02
    -2.7727300103E+02
    -2.7075596548E+02
    -2.6430287022E+02
    -2.5819815107E+02
    -2.5270217046E+02
    -2.4804209325E+02
    -2.4440367026E+02
    -2.4192421107E+02
    -2.4068699322E+02
    -2.4071731149E+02
    -2.4198032090E+02
    -2.4438077163E+02
    -2.4776467490E+02
    -2.5192287759E+02
    -2.5659646272E+02
    -2.6148383378E+02
    -2.6624928589E+02
    -2.7053281752E+02
    -2.7396089422E+02
    -2.9765709431E+02
    -2.9325539314E+02
    -2.8744797027E+02
    -2.8050685425E+02
    -2.7272863204E+02
    -2.6442537427E+02
    -2.5591487934E+02
    -2.4751054619E+02
    -2.3951120143E+02
    -2.3219121131E+02
    -2.2579120426E+02
    -2.2050971293E+02
    -2.1649601921E+02
    -2.1384444972E+02
    -2.1259032604E+02
    -2.1270772320E+02
    -2.1410913409E+02
    -2.1664707826E+02
    -2.2011763207E+02
    -2.2426579643E+02
    -2.2879255948E+02
    -2.3336345643E+02
    -2.3761838004E+02
    -2.4118235303E+02
    -2.8682227833E+02
    -2.7895193462E+02
    -2.6993004645E+02
    -2.6006740120E+02
    -2.4969064167E+02
    -2.3913233323E+02
    -2.2872065933E+02
    -2.1876907442E+02
    -2.0956624818E+02
    -2.0136662913E+02
    -1.9438193915E+02
    -1.8877388365E+02
    -1.8464832621E+02
    -1.8205113249E+02
    -1.8096583689E+02
    -1.8131322965E+02
    -1.8295290187E+02
    -1.8568672509E+02
    -1.8926418058E+02
    -1.9338939491E+02
    -1.9772968357E+02
    -2.0192535523E+02
    -2.0560048812E+02
    -2.6898500740E+02
    -2.5784633774E+02
    -2.4586079062E+02
    -2.3336953002E+02
    -2.2071991091E+02
    -2.0825499721E+02
    -1.9630303866E+02
    -1.8516724382E+02
    -1.7511618008E+02
    -1.6637511483E+02
    -1.5911858425E+02
    -1.5346444012E+02
    -1.4946958005E+02
    -1.4712751514E+02
    -1.4636787245E+02
    -1.4705786962E+02
    -1.4900573726E+02
    -1.5196600381E+02
    -1.5564649838E+02
    -1.5971687268E+02
    -1.6381839411E+02
    -1.6757472099E+02
    -2.4456806623E+02
    -2.3043396656E+02
    -2.1579958873E+02
    -2.0102701755E+02
    -1.8647421414E+02
    -1.7248431585E+02
    -1.5937523545E+02
    -1.4742989369E+02
    -1.3688740179E+02
    -1.2793548293E+02
    -1.2070438438E+02
    -1.1526248693E+02
    -1.1161376623E+02
    -1.0969720350E+02
    -1.0938818254E+02
    -1.1050184840E+02
    -1.1279834137E+02
    -1.1598976115E+02
    -1.1974866157E+02
    -1.2371782708E+02
    -1.2752104168E+02
    -2.1413923916E+02
    -1.9734632270E+02
    -1.8043188679E+02
    -1.6376872336E+02
    -1.4771486996E+02
    -1.3260303358E+02
    -1.1873065256E+02
    -1.0635091613E+02
    -9.5665032876E+01
    -8.6816001899E+01
    -7.9884094558E+01
    -7.4884202279E+01
    -7.1765148166E+01
    -7.0410999392E+01
    -7.0644355116E+01
    -7.2231523085E+01
    -7.4889438991E+01
    -7.8294128010E+01
    -8.2090459277E+01
    -8.5902903117E+01
    -1.7839330139E+02
    -1.5933154684E+02
    -1.4054852961E+02
    -1.2241711668E+02
    -1.0528481954E+02
    -8.9463683221E+01
    -7.5221139190E+01
    -6.2772115943E+01
    -5.2272663274E+01
    -4.3815299793E+01
    -3.7426240161E+01
    -3.3064600435E+01
    -3.0623618590E+01
    -2.9933864703E+01
    -3.0768353409E+01
    -3.2849412013E+01
    -3.5857102849E+01
    -3.9438949921E+01
    -4.3220678978E+01
    -1.3813105190E+02
    -1.1723231148E+02
    -9.7022865468E+01
    -7.7864957035E+01
    -6.0085247694E+01
    -4.3965500698E+01
    -2.9734529602E+01
    -1.7561670373E+01
    -7.5519884929E+00
     2.5662107910E-01
     5.8943418903E+00
     9.4583145087E+00
     1.1109511155E+01
     1.1067694244E+01
     9.6046061009E+00
     7.0355919972E+00
     3.7099072613E+00
     2.0475480704E-13
    -9.4236089838E+01
    -7.1961833820E+01
    -5.0786360187E+01
    -3.1050874323E+01
    -1.3051482280E+01
     2.9690260443E+00
     1.6827861603E+01
     2.8407175126E+01
     3.7657090789E+01
     4.4596734354E+01
     4.9313217753E+01
     5.1958605605E+01
     5.2744951682E+01
     5.1937553114E+01
     4.9846625192E+01
     4.6817648256E+01
     4.3220678978E+01
    -4.7650089053E+01
    -2.4478777066E+01
    -2.8034901399E+00
     1.7065393196E+01
     3.4871092875E+01
     5.0417272666E+01
     6.3573130162E+01
     7.4276569982E+01
     8.2535358553E+01
     8.8426221622E+01
     9.2091909627E+01
     9.3736318998E+01
     9.3617817585E+01
     9.2040977653E+01
     8.9346968700E+01
     8.5902903117E+01
     6.5264812615E-01
     2.4238178405E+01
     4.5953316156E+01
     6.5527357287E+01
     8.2750400365E+01
     9.7478592005E+01
     1.0963744497E+02
     1.1922312568E+02
     1.2630167123E+02
     1.3100616045E+02
     1.3353192684E+02
     1.3412996195E+02
     1.3309871306E+02
     1.3077452813E+02
     1.2752104168E+02
     4.9690576803E+01
     7.3215325445E+01
     9.4527943808E+01
     1.1340502556E+02
     1.2968964295E+02
     1.4329481458E+02
     1.5420493124E+02
     1.6247509867E+02
     1.6822842083E+02
     1.7165131126E+02
     1.7298698103E+02
     1.7252730759E+02
     1.7060333798E+02
     1.6757472099E+02
     9.8499479829E+01
     1.2150775180E+02
     1.4200336994E+02
     1.5981638520E+02
     1.7484729226E+02
     1.8706859895E+02
     1.9652430044E+02
     2.0332728104E+02
     2.0765473048E+02
     2.0974172302E+02
     2.0987316379E+02
     2.0837435661E+02
     2.0560048812E+02
     1.4615551746E+02
     1.6822132386E+02
     1.8752233095E+02
     2.0394655409E+02
     2.1745458124E+02
     2.2807918412E+02
     2.3592284442E+02
     2.4115328120E+02
     2.4399712753E+02
     2.4473196078E+02
     2.4367694098E+02
     2.4118235303E+02
     1.9179612333E+02
     2.1253224499E+02
     2.3030534423E+02
     2.4506412415E+02
     2.5683008831E+02
     2.6569519694E+02
     2.7181751141E+02
     2.7541497459E+02
     2.7675753119E+02
     2.7615784288E+02
     2.7396089422E+02
     2.3463820464E+02
     2.5370369934E+02
     2.6966565443E+02
     2.8253432978E+02
     2.9239111094E+02
     2.9938427636E+02
     3.0372288734E+02
     3.0566900451E+02
     3.0552848556E+02
     3.0364066072E+02
     2.7399321042E+02
     2.9109920383E+02
     3.0502078937E+02
     3.1582879091E+02
     3.2366164158E+02
     3.2871938891E+02
     3.3125601323E+02
     3.3157031395E+02
     3.2999566015E+02
     3.0927874889E+02
     3.2419241142E+02
     3.3590053255E+02
     3.4453170070E+02
     3.5027687714E+02
     3.5338182204E+02
     3.5413807475E+02
     3.5287278526E+02
     3.4002655879E+02
     3.5257323383E+02
     3.6195124323E+02
     3.6834244918E+02
     3.7198430814E+02
     3.7316095082E+02
     3.7219309978E+02
     3.6588676552E+02
     3.7595027690E+02
     3.8293657681E+02
     3.8707479039E+02
     3.8864154392E+02
     3.8795097397E+02
     3.8662847720E+02
     3.9414970267E+02
     3.9873477416E+02
     4.0065276960E+02
     4.0021113000E+02
     4.0213689326E+02
     4.0711074510E+02
     4.0933279435E+02
     4.0910372457E+02
     4.1240720629E+02
     4.1487820717E+02
     4.1481765791E+02
     4.1753567204E+02
     4.1759235375E+02
     4.1770830096E+02
