     0.0000000000E+00
    -7.8894192595E+01
    -1.5455633827E+02
    -2.2392574519E+02
    -2.8427451859E+02
    -3.3334976605E+02
    -3.6948838569E+02
    -3.9169788589E+02
    -3.9969870166E+02
    -3.9392575603E+02
    -3.7548942818E+02
    -3.4609848878E+02
    -3.0794980308E+02
    -2.6359155083E+02
    -2.1576825179E+02
    -1.6725692513E+02
    -1.2070418957E+02
    -7.8474000000E+01
    -4.2515024356E+01
    -1.4255434010E+01
     5.4688127526E+00
     1.6448168515E+01
     1.9094439779E+01
     1.4397126019E+01
     3.8441451977E+00
    -1.0687912391E+01
    -2.7067026510E+01
    -4.3054104695E+01
    -5.6457181238E+01
    -6.5281855714E+01
    -6.7868625976E+01
    -6.3008595118E+01
    -5.0030373536E+01
    -2.8852773869E+01
     1.1266518464E-13
     0.0000000000E+00
    -7.7464452236E+01
    -1.5034143745E+02
    -2.1573000748E+02
    -2.7113831495E+02
    -3.1461221476E+02
    -3.4483275674E+02
    -3.6117702634E+02
    -3.6373896315E+02
    -3.5330915859E+02
    -3.3131506086E+02
    -2.9972535393E+02
    -2.6092438571E+02
    -2.1756427484E+02
    -1.7240361930E+02
    -1.2814248757E+02
    -8.7263549159E+01
    -5.1888786280E+01
    -2.3660248691E+01
    -3.6518284203E+00
     7.6828690377E+00
     1.0523680685E+01
     5.6575599932E+00
    -5.5853488834E+00
    -2.1429083059E+01
    -3.9776510787E+01
    -5.8353454231E+01
    -7.4863319314E+01
    -8.7142651403E+01
    -9.3308001788E+01
    -9.1885039038E+01
    -8.1911937239E+01
    -6.3010652775E+01
    -3.5421666556E+01
     0.0000000000E+00
    -7.4633892424E+01
    -1.4341154913E+02
    -2.0364499388E+02
    -2.5312450727E+02
    -2.9023137152E+02
    -3.1401632984E+02
    -3.2423931842E+02
    -3.2136832425E+02
    -3.0653764297E+02
    -2.8146821318E+02
    -2.4835494313E+02
    -2.0972788944E+02
    -1.6829567733E+02
    -1.2678057901E+02
    -8.7755128167E+01
    -5.3490018056E+01
    -2.5822316793E+01
    -6.0517794729E+00
     5.1286811201E+00
     7.6643814866E+00
     2.1304411148E+00
    -1.0315719853E+01
    -2.8017863188E+01
    -4.8935132471E+01
    -7.0779861923E+01
    -9.1170472704E+01
    -1.0779003893E+02
    -1.1854077966E+02
    -1.2168499614E+02
    -1.1596380911E+02
    -1.0068640786E+02
    -7.5784318523E+01
     0.0000000000E+00
    -7.0459658851E+01
    -1.3390668794E+02
    -1.8791535673E+02
    -2.3059895032E+02
    -2.6070467711E+02
    -2.7767168334E+02
    -2.8164890929E+02
    -2.7347190189E+02
    -2.5460013047E+02
    -2.2701869084E+02
    -1.9311038807E+02
    -1.5550593380E+02
    -1.1692127589E+02
    -7.9991819697E+01
    -4.7113457137E+01
    -2.0299883547E+01
    -1.0646786703E+00
     9.6648812184E+00
     1.1597237957E+01
     5.0863749672E+00
    -8.8983786893E+00
    -2.8840580320E+01
    -5.2778669688E+01
    -7.8435428920E+01
    -1.0336695969E+02
    -1.2512206526E+02
    -1.4140230921E+02
    -1.5021299343E+02
    -1.4999585601E+02
    -1.3973540135E+02
    -1.1903237211E+02
     0.0000000000E+00
    -6.5025749126E+01
    -1.2201813338E+02
    -1.6885803660E+02
    -2.0401662976E+02
    -2.2663076929E+02
    -2.3653950784E+02
    -2.3427968472E+02
    -2.2104099009E+02
    -1.9858330086E+02
    -1.6912132302E+02
    -1.3518351172E+02
    -9.9453759545E+01
    -6.4605355131E+01
    -3.3137157779E+01
    -7.2217821055E+00
     1.1425150124E+01
     2.1646912152E+01
     2.2912692269E+01
     1.5345798118E+01
    -2.8855220028E-01
    -2.2635020213E+01
    -4.9836309086E+01
    -7.9652305959E+01
    -1.0960295619E+02
    -1.3712620096E+02
    -1.5974141111E+02
    -1.7520842644E+02
    -1.8167257970E+02
    -1.7778693201E+02
    -1.6280431877E+02
     0.0000000000E+00
    -5.8441001305E+01
    -1.0798384762E+02
    -1.4685465665E+02
    -1.7391070941E+02
    -1.8869500512E+02
    -1.9145058085E+02
    -1.8309383099E+02
    -1.6514849668E+02
    -1.3964433226E+02
    -1.0898655519E+02
    -7.5803921758E+01
    -4.2784538967E+01
    -1.2509247271E+01
     1.2707454133E+01
     3.0959426717E+01
     4.0865371227E+01
     4.1652814317E+01
     3.3204601557E+01
     1.6065143197E+01
    -8.5939290436E+00
    -3.9046604484E+01
    -7.3119440320E+01
    -1.0832617652E+02
    -1.4202192732E+02
    -1.7156768760E+02
    -1.9449527699E+02
    -2.0866282001E+02
    -2.1239142853E+02
    -2.0457487793E+02
     0.0000000000E+00
    -5.0836499568E+01
    -9.2082805265E+01
    -1.2234242043E+02
    -1.4087978469E+02
    -1.4765301319E+02
    -1.4330572126E+02
    -1.2911845253E+02
    -1.0692263205E+02
    -7.8982199120E+01
    -4.7850001717E+01
    -1.6207542118E+01
     1.3302341475E+01
     3.8239847753E+01
     5.6519803069E+01
     6.6541393881E+01
     6.7288267210E+01
     5.8392992753E+01
     4.0162006838E+01
     1.3559517287E+01
    -1.9848701617E+01
    -5.7988299787E+01
    -9.8400606490E+01
    -1.3839076147E+02
    -1.7519090710E+02
    -2.0612872606E+02
    -2.2879128830E+02
    -2.4117444831E+02
    -2.4180889254E+02
     0.0000000000E+00
    -4.2362468691E+01
    -7.4628391843E+01
    -9.5803764712E+01
    -1.0557369512E+02
    -1.0431273270E+02
    -9.3054283048E+01
    -7.3420901209E+01
    -4.7519593140E+01
    -1.7808346181E+01
     1.3058165414E+01
     4.2394500178E+01
     6.7652087926E+01
     8.6578563943E+01
     9.7359256850E+01
     9.8732338977E+01
     9.0070706514E+01
     7.1425630089E+01
     4.3529487349E+01
     7.7573221561E+00
    -3.3950574888E+01
    -7.9200548926E+01
    -1.2528535730E+02
    -1.6934360766E+02
    -2.0852945143E+02
    -2.4018251121E+02
    -2.6198800168E+02
    -2.7211758020E+02
     0.0000000000E+00
    -3.3184742701E+01
    -5.5961052204E+01
    -6.7755051617E+01
    -6.8678286062E+01
    -5.9515434508E+01
    -4.1671783048E+01
    -1.7083503292E+01
     1.1903993153E+01
     4.2682434612E+01
     7.2543119921E+01
     9.8845736155E+01
     1.1918349443E+02
     1.3153470848E+02
     1.3439172354E+02
     1.2685942872E+02
     1.0871737699E+02
     8.0441685715E+01
     4.3185271240E+01
    -1.2825600833E+00
    -5.0673730175E+01
    -1.0231057264E+02
    -1.5327906015E+02
    -2.0059712253E+02
    -2.4138820055E+02
    -2.7304986225E+02
    -2.9340759306E+02
     0.0000000000E+00
    -2.3480904164E+01
    -3.6440389400E+01
    -3.8734608324E+01
    -3.0899535442E+01
    -1.4116242574E+01
     9.8627242294E+00
     3.8821620957E+01
     7.0218104940E+01
     1.0134011320E+02
     1.2947373645E+02
     1.5207211578E+02
     1.6691529171E+02
     1.7225143754E+02
     1.6691098159E+02
     1.5038670415E+02
     1.2287488984E+02
     8.5274908566E+01
     3.9147049902E+01
    -1.3369096702E+01
    -6.9671088979E+01
    -1.2683821489E+02
    -1.8179585018E+02
    -2.3149005181E+02
    -2.7306223427E+02
    -3.0401376154E+02
     0.0000000000E+00
    -1.3436198805E+01
    -1.6436927743E+01
    -9.2904372820E+00
     7.0525262137E+00
     3.1035318061E+01
     6.0588912810E+01
     9.3256961915E+01
     1.2634510252E+02
     1.5708574662E+02
     1.8280861534E+02
     2.0110689522E+02
     2.0998910637E+02
     2.0800757582E+02
     1.9435575635E+02
     1.6892844248E+02
     1.3234110504E+02
     8.5906964570E+01
     3.1572910002E+01
    -2.8182205047E+01
    -9.0481134350E+01
    -1.5220604055E+02
    -2.1017145039E+02
    -2.6130238512E+02
    -3.0280737238E+02
     0.0000000000E+00
    -3.2393351400E+00
     3.6762395751E+00
     2.0032075046E+01
     4.4479674034E+01
     7.5114229146E+01
     1.0958649980E+02
     1.4524259922E+02
     1.7928355924E+02
     2.0893531480E+02
     2.3161907599E+02
     2.4511197577E+02
     2.4768840227E+02
     2.3823351713E+02
     2.1632206167E+02
     1.8225756720E+02
     1.3706939574E+02
     8.2467506203E+01
     2.0757322049E+01
    -4.5280576414E+01
    -1.1253913939E+02
    -1.7775344274E+02
    -2.3767953943E+02
    -2.8927330289E+02
     0.0000000000E+00
     6.9217194337E+00
     2.3531697772E+01
     4.8702127779E+01
     8.0710709872E+01
     1.1733784887E+02
     1.5599505258E+02
     1.9387715616E+02
     2.2812952619E+02
     2.5602044708E+02
     2.7510852057E+02
     2.8339513849E+02
     2.7945291010E+02
     2.6252229019E+02
     2.3257048327E+02
     1.9030888544E+02
     1.3716774017E+02
     7.5229183860E+01
     7.1222949216E+00
    -6.4114009712E+01
    -1.3519249497E+02
    -2.0275436954E+02
    -2.6355121045E+02
     0.0000000000E+00
     1.6863836232E+01
     4.2775638615E+01
     7.6214844796E+01
     1.1511565584E+02
     1.5698228762E+02
     1.9903178619E+02
     2.3835620125E+02
     2.7209469753E+02
     2.9760552329E+02
     3.1262769010E+02
     3.1542275437E+02
     3.0488819949E+02
     2.8063553361E+02
     2.4302824798E+02
     1.9317710450E+02
     1.3289270309E+02
     6.4597771118E+01
    -8.7960269350E+00
    -8.4039882343E+01
    -1.5771968033E+02
    -2.2643814550E+02
     0.0000000000E+00
     2.6412611524E+01
     6.1075268031E+01
     1.0210169811E+02
     1.4711856647E+02
     1.9339688560E+02
     2.3800691660E+02
     2.7798765347E+02
     3.1052104538E+02
     3.3310075180E+02
     3.4368546840E+02
     3.4082769636E+02
     3.2377020624E+02
     2.9250429013E+02
     2.4778609458E+02
     1.9110975233E+02
     1.2463854106E+02
     5.1097742398E+01
    -2.6364888667E+01
    -1.0434323850E+02
    -1.7935228658E+02
     0.0000000000E+00
     3.5405944235E+01
     7.8125510348E+01
     1.2593976172E+02
     1.7620865226E+02
     2.2601645107E+02
     2.7233621510E+02
     3.1220384472E+02
     3.4289160686E+02
     3.6207095614E+02
     3.6795503261E+02
     3.5941233426E+02
     3.3604468990E+02
     2.9822469804E+02
     2.4709013122E+02
     1.8449529481E+02
     1.1292182808E+02
     3.5353796449E+01
    -4.4875993739E+01
    -1.2425984491E+02
     0.0000000000E+00
     4.3697218616E+01
     9.3654850046E+01
     1.4735958077E+02
     2.0194946239E+02
     2.5437099029E+02
     3.0155049918E+02
     3.4056999954E+02
     3.6883722808E+02
     3.8423993767E+02
     3.8527529591E+02
     3.7114664899E+02
     3.4182175800E+02
     2.9804882108E+02
     2.4132902698E+02
     1.7384690027E+02
     9.8362148060E+01
     1.8068957183E+01
    -6.3569413044E+01
     0.0000000000E+00
     5.1158018390E+01
     1.0743017997E+02
     1.6605148569E+02
     2.2398593629E+02
     2.7809273917E+02
     3.2530189103E+02
     3.6278900392E+02
     3.8813919558E+02
     3.9949041932E+02
     3.9564773493E+02
     3.7616165526E+02
     3.4136574832E+02
     2.9237101229E+02
     2.3101703406E+02
     1.5978244261E+02
     8.1659530546E+01
    -2.9759021000E-13
     0.0000000000E+00
     5.7680313984E+01
     1.1926055648E+02
     1.8177022939E+02
     2.4204920012E+02
     2.9692039071E+02
     3.4336677451E+02
     3.7870244918E+02
     4.0072781200E+02
     4.0785971093E+02
     3.9922883565E+02
     3.7473846617E+02
     3.3508090421E+02
     2.8171034587E+02
     2.1677346872E+02
     1.4300145539E+02
     6.3569413044E+01
     0.0000000000E+00
     6.3178080920E+01
     1.2899979594E+02
     1.9433787762E+02
     2.5595905301E+02
     3.1070049686E+02
     3.5564548120E+02
     3.8828804874E+02
     4.0667709424E+02
     4.0953136478E+02
     3.9631852331E+02
     3.6729346412E+02
     3.2349340502E+02
     2.6668977183E+02
     1.9929938848E+02
     1.2425984491E+02
     0.0000000000E+00
     6.7588324909E+01
     1.3654788214E+02
     2.0364493504E+02
     2.6562415718E+02
     3.1938610781E+02
     3.6215883275E+02
     3.9165363261E+02
     4.0619588644E+02
     4.0482320777E+02
     3.8734505929E+02
     3.5436015681E+02
     3.0723042088E+02
     2.4801274430E+02
     1.7935228658E+02
     0.0000000000E+00
     7.0871507010E+01
     1.4185118964E+02
     2.0964974146E+02
     2.7104001311E+02
     3.2303279186E+02
     3.6304175766E+02
     3.8902802243E+02
     3.9961578218E+02
     3.9417223903E+02
     3.7284698766E+02
     3.3656839008E+02
     2.8699694457E+02
     2.2643814550E+02
     0.0000000000E+00
     7.3011379828E+01
     1.4490156250E+02
     2.1237622287E+02
     2.7228486409E+02
     3.2179225285E+02
     3.5853428195E+02
     3.8074917619E+02
     3.8737633752E+02
     3.7811696681E+02
     3.5345279310E+02
     3.1462165906E+02
     2.6355121045E+02
     0.0000000000E+00
     7.4014262587E+01
     1.4573431995E+02
     2.1191012718E+02
     2.6951373147E+02
     3.1590382730E+02
     3.4897026385E+02
     3.6725006354E+02
     3.7000812668E+02
     3.5727782311E+02
     3.2985898732E+02
     2.8927330289E+02
     0.0000000000E+00
     7.3907798503E+01
     1.4442529031E+02
     2.0839391605E+02
     2.6295083111E+02
     3.0568419832E+02
     3.3476429911E+02
     3.4904278807E+02
     3.4811424243E+02
     3.3233633636E+02
     3.0280737238E+02
     0.0000000000E+00
     7.2739251682E+01
     1.4108699938E+02
     2.0202051748E+02
     2.5288066168E+02
     2.9151570566E+02
     3.1639726515E+02
     3.2670150992E+02
     3.2235087268E+02
     3.0401376154E+02
     0.0000000000E+00
     7.0573412430E+01
     1.3586416052E+02
     1.9302617157E+02
     2.3963808500E+02
     2.7383366044E+02
     2.9440099777E+02
     3.0084474057E+02
     2.9340759306E+02
     0.0000000000E+00
     6.7490188989E+01
     1.2892862890E+02
     1.8168261952E+02
     2.2359773706E+02
     2.5311308829E+02
     2.6934260220E+02
     2.7211758020E+02
     0.0000000000E+00
     6.3581970101E+01
     1.2047399217E+02
     1.6828889665E+02
     2.0516311532E+02
     2.2985532527E+02
     2.4180889254E+02
     0.0000000000E+00
     5.8950846278E+01
     1.1070997380E+02
     1.5316299083E+02
     1.8475568347E+02
     2.0457487793E+02
     0.0000000000E+00
     5.3705778152E+01
     9.9856823123E+01
     1.3663362072E+02
     1.6280431877E+02
     0.0000000000E+00
     4.7959797907E+01
     8.8139858707E+01
     1.1903237211E+02
     0.0000000000E+00
     4.1827324609E+01
     7.5784318523E+01
     0.0000000000E+00
     3.5421666556E+01
     0.0000000000E+00
