     0.0000000000E+00
     1.2007247416E+01
     2.3770777519E+01
     3.5066589264E+01
     4.5708525458E+01
     5.5563335583E+01
     6.4561415526E+01
     7.2702274520E+01
     8.0054158582E+01
     8.6747684117E+01
     9.2963776667E+01
     9.8916638585E+01
     1.0483285651E+02
     1.1092807828E+02
     1.1738291707E+02
     1.2431986048E+02
     1.3178296529E+02
     1.3972200000E+02
     1.4798246422E+02
     1.5630257731E+02
     1.6431790883E+02
     1.7157384473E+02
     1.7754557522E+02
     1.8166478443E+02
     1.8335175024E+02
     1.8205115579E+02
     1.7726959907E+02
     1.6861258538E+02
     1.5581871592E+02
     1.3878884988E+02
     1.1760821968E+02
     9.2559807807E+01
     6.4127734968E+01
     3.2989937569E+01
    -1.1693011277E-13
     0.0000000000E+00
     1.1924757125E+01
     2.3531202272E+01
     3.4614254821E+01
     4.5016225983E+01
     5.4639653502E+01
     6.3455214259E+01
     7.1503958690E+01
     7.8893518798E+01
     8.5788380355E+01
     9.2394750383E+01
     9.8940963497E+01
     1.0565472708E+02
     1.1273878078E+02
     1.2034672052E+02
     1.2856079776E+02
     1.3737344411E+02
     1.4667409204E+02
     1.5624257153E+02
     1.6574997845E+02
     1.7476745321E+02
     1.8278280767E+02
     1.8922442319E+02
     1.9349134641E+02
     1.9498806302E+02
     1.9316206290E+02
     1.8754204698E+02
     1.7777448651E+02
     1.6365624020E+02
     1.4516106859E+02
     1.2245815238E+02
     9.5921110673E+01
     6.6126505102E+01
     3.3841380482E+01
     0.0000000000E+00
     1.1756465953E+01
     2.3120880248E+01
     3.3910869216E+01
     4.4000306615E+01
     5.3329665090E+01
     6.1910924021E+01
     6.9826485180E+01
     7.7221977933E+01
     8.4293282096E+01
     9.1268529086E+01
     9.8386231610E+01
     1.0587101191E+02
     1.1390862616E+02
     1.2262210088E+02
     1.3205079648E+02
     1.4213409027E+02
     1.5270113200E+02
     1.6346778185E+02
     1.7404141337E+02
     1.8393377745E+02
     1.9258160707E+02
     1.9937412895E+02
     2.0368616877E+02
     2.0491512282E+02
     2.0251974757E+02
     1.9605851239E+02
     1.8522518504E+02
     1.6987938189E+02
     1.5007001585E+02
     1.2604990532E+02
     9.8280250445E+01
     6.7424215849E+01
     0.0000000000E+00
     1.1495938814E+01
     2.2523913334E+01
     3.2928110386E+01
     4.2617111612E+01
     5.1571526896E+01
     5.9845744859E+01
     6.7563470714E+01
     7.4907167986E+01
     8.2101967447E+01
     8.9395024376E+01
     9.7031665556E+01
     1.0522994531E+02
     1.1415540546E+02
     1.2389789362E+02
     1.3445223165E+02
     1.4570434206E+02
     1.5742414479E+02
     1.6926614526E+02
     1.8077817065E+02
     1.9141820178E+02
     2.0057872455E+02
     2.0761751965E+02
     2.1189335392E+02
     2.1280466200E+02
     2.0982903596E+02
     2.0256119475E+02
     1.9074709474E+02
     1.7431197273E+02
     1.5338037795E+02
     1.2828663853E+02
     9.9574698831E+01
     0.0000000000E+00
     1.1133980944E+01
     2.1719311437E+01
     3.1630714942E+01
     4.0814726832E+01
     4.9294395791E+01
     5.7167749152E+01
     6.4599920326E+01
     7.1809291528E+01
     7.9048445515E+01
     8.6581116267E+01
     9.4656653709E+01
     1.0348374875E+02
     1.1320528526E+02
     1.2387618483E+02
     1.3544598577E+02
     1.4774765503E+02
     1.6049378340E+02
     1.7328088033E+02
     1.8560199011E+02
     1.9686732623E+02
     2.0643209724E+02
     2.1363020799E+02
     2.1781209625E+02
     2.1838463377E+02
     2.1485080550E+02
     2.0684679675E+02
     1.9417417406E+02
     1.7682504100E+02
     1.5499837687E+02
     1.2910620769E+02
     0.0000000000E+00
     1.0659166939E+01
     2.0682199294E+01
     2.9978492773E+01
     3.8535910758E+01
     4.6422361132E+01
     5.3780873767E+01
     6.0818310804E+01
     6.7788299046E+01
     7.4969400889E+01
     8.2639908658E+01
     9.1050931703E+01
     1.0039962604E+02
     1.1080447884E+02
     1.2228449809E+02
     1.3474397284E+02
     1.4796417045E+02
     1.6160294063E+02
     1.7520272499E+02
     1.8820695287E+02
     1.9998427061E+02
     2.0985953561E+02
     2.1715004003E+02
     2.2120504229E+02
     2.2144640289E+02
     2.1740796409E+02
     2.0877129312E+02
     1.9539553011E+02
     1.7733934073E+02
     1.5487335724E+02
     0.0000000000E+00
     1.0058512977E+01
     1.9385284149E+01
     2.7928691138E+01
     3.5721431619E+01
     4.2878805755E+01
     4.9590328767E+01
     5.6105043381E+01
     6.2711354086E+01
     6.9712612290E+01
     7.7400015976E+01
     8.6024626526E+01
     9.5770431490E+01
     1.0673038495E+02
     1.1888723410E+02
     1.3210069683E+02
     1.4610220342E+02
     1.6049797568E+02
     1.7478071481E+02
     1.8834963465E+02
     2.0053804263E+02
     2.1064716908E+02
     2.1798450916E+02
     2.2190459740E+02
     2.2184990668E+02
     2.1738946761E+02
     2.0825284866E+02
     1.9435732331E+02
     1.7582636926E+02
     0.0000000000E+00
     9.3182652975E+00
     1.7800525576E+01
     2.5438613698E+01
     3.2313677518E+01
     3.8591022425E+01
     4.4508208731E+01
     5.0357012035E+01
     5.6460295040E+01
     6.3145219937E+01
     7.0714525623E+01
     7.9417783237E+01
     8.9424612562E+01
     1.0080178411E+02
     1.1349594821E+02
     1.2732343243E+02
     1.4196814822E+02
     1.5698817045E+02
     1.7183102671E+02
     1.8585718948E+02
     1.9837073574E+02
     2.0865565877E+02
     2.1601591597E+02
     2.1981699991E+02
     2.1952664860E+02
     2.1475227743E+02
     2.0527282369E+02
     1.9106294287E+02
     0.0000000000E+00
     8.4247732248E+00
     1.5900940147E+01
     2.2468388976E+01
     2.8260394270E+01
     3.3494900546E+01
     3.8459082519E+01
     4.3488026514E+01
     4.8938799268E+01
     5.5161518385E+01
     6.2469289363E+01
     7.1109009849E+01
     8.1235051747E+01
     9.2887713155E+01
     1.0597808978E+02
     1.2028066239E+02
     1.3543445260E+02
     1.5095309040E+02
     1.6624359210E+02
     1.8063310146E+02
     1.9340233139E+02
     2.0382399171E+02
     2.1120412874E+02
     2.1492405788E+02
     2.1448045813E+02
     2.0952122718E+02
     1.9987486736E+02
     0.0000000000E+00
     7.3654112884E+00
     1.3662467532E+01
     1.8983775508E+01
     2.3518398853E+01
     2.7539492728E+01
     3.1385335180E+01
     3.5434831302E+01
     4.0078962837E+01
     4.5689965453E+01
     5.2590217647E+01
     6.1022904430E+01
     7.1126468551E+01
     8.2914682966E+01
     9.6263879308E+01
     1.1090846487E+02
     1.2644537786E+02
     1.4234759605E+02
     1.5798625881E+02
     1.7266042085E+02
     1.8563296105E+02
     1.9617075165E+02
     2.0358687940E+02
     2.0728252101E+02
     2.0678602394E+02
     2.0178683617E+02
     0.0000000000E+00
     6.1295126173E+00
     1.1065821200E+01
     1.4958887908E+01
     1.8057115021E+01
     2.0691272638E+01
     2.3252041825E+01
     2.6162473345E+01
     2.9847027038E+01
     3.4699122883E+01
     4.1049283598E+01
     4.9135968998E+01
     5.9081091058E+01
     7.0871960402E+01
     8.4351062384E+01
     9.9214613992E+01
     1.1502033724E+02
     1.3120433101E+02
     1.4710636454E+02
     1.6200238571E+02
     1.7514256852E+02
     1.8579284604E+02
     1.9327761137E+02
     1.9702113781E+02
     1.9658528016E+02
     0.0000000000E+00
     4.7092747500E+00
     8.0982462328E+00
     1.0378729215E+01
     1.1861781982E+01
     1.2937904216E+01
     1.4051167465E+01
     1.5668791920E+01
     1.8248010610E+01
     2.2202279759E+01
     2.7868986599E+01
     3.5480766010E+01
     4.5142365384E+01
     5.6814701718E+01
     7.0307352463E+01
     8.5280235039E+01
     1.0125468764E+02
     1.1763359808E+02
     1.3372967174E+02
     1.4880041830E+02
     1.6208800025E+02
     1.7286175302E+02
     1.8046097617E+02
     1.8433552381E+02
     0.0000000000E+00
     3.1005994215E+00
     4.7551090396E+00
     5.2414203407E+00
     4.9361968119E+00
     4.2913576952E+00
     3.8049085909E+00
     3.9878329880E+00
     5.3290432108E+00
     8.2605542700E+00
     1.3125077954E+01
     2.0148133394E+01
     2.9416538689E+01
     4.0864798376E+01
     5.4270453382E+01
     6.9258939345E+01
     8.5317936630E+01
     1.0182062413E+02
     1.1805670346E+02
     1.3326957350E+02
     1.4669763670E+02
     1.5761743416E+02
     1.6538615282E+02
     0.0000000000E+00
     1.3038297187E+00
     1.0412487406E+00
    -4.3997316344E-01
    -2.6951336649E+00
    -5.2097706468E+00
    -7.4319790528E+00
    -8.8079732598E+00
    -8.8187600568E+00
    -7.0156784304E+00
    -3.0525890836E+00
     3.2873411003E+00
     1.2072024882E+01
     2.3209375256E+01
     3.6445636269E+01
     5.1373450721E+01
     6.7449415130E+01
     8.4020302801E+01
     1.0035660722E+02
     1.1569160214E+02
     1.2926375972E+02
     1.4036013546E+02
     0.0000000000E+00
    -6.7564881039E-01
    -3.0279723350E+00
    -6.6361035445E+00
    -1.0985536146E+01
    -1.5498851221E+01
    -1.9570987463E+01
    -2.2606990482E+01
    -2.4059992832E+01
    -2.3467126423E+01
    -2.0481157401E+01
    -1.4895856238E+01
    -6.6634607404E+00
     4.0969627175E+00
     1.7100929963E+01
     3.1909821461E+01
     4.7951552996E+01
     6.4549590204E+01
     8.0958757344E+01
     9.6405871461E+01
     1.1013292561E+02
     0.0000000000E+00
    -2.8269720437E+00
    -7.4259715767E+00
    -1.3300562515E+01
    -1.9865490141E+01
    -2.6480811118E+01
    -3.2489879812E+01
    -3.7258981490E+01
    -4.0216275356E+01
    -4.0887721543E+01
    -3.8927816432E+01
    -3.4143242203E+01
    -2.6507933635E+01
    -1.6168554887E+01
    -3.4399330049E+00
     1.1209419395E+01
     2.7180976875E+01
     4.3777808428E+01
     6.0242382584E+01
     7.5798456467E+01
     0.0000000000E+00
    -5.1335495554E+00
    -1.2114642922E+01
    -2.0369712913E+01
    -2.9242777239E+01
    -3.8032771320E+01
    -4.6033969287E+01
    -5.2577162104E+01
    -5.7069193623E+01
    -5.9028528811E+01
    -5.8114740048E+01
    -5.4150135432E+01
    -4.7132198281E+01
    -3.7236033591E+01
    -2.4806594446E+01
    -1.0341055365E+01
     5.5377246330E+00
     2.2115182945E+01
     3.8624571702E+01
     0.0000000000E+00
    -7.5730221585E+00
    -1.7044474369E+01
    -2.7763159763E+01
    -3.9003485053E+01
    -5.0005744054E+01
    -6.0018647686E+01
    -6.8341673276E+01
    -7.4364799571E+01
    -7.7603330173E+01
    -7.7725779694E+01
    -7.4573188414E+01
    -6.8168719976E+01
    -5.8716954216E+01
    -4.6592881054E+01
    -3.2321196608E+01
    -1.6547064447E+01
    -1.1903112558E-13
     0.0000000000E+00
    -1.0117434421E+01
    -2.2155098129E+01
    -3.5384867448E+01
    -4.9013860080E+01
    -6.2227365154E+01
    -7.4233113189E+01
    -8.4304390032E+01
    -9.1819555651E+01
    -9.6295727456E+01
    -9.7414717172E+01
    -9.5039751334E+01
    -8.9222032427E+01
    -8.0196780001E+01
    -6.8368994523E+01
    -5.4289776180E+01
    -3.8624571702E+01
     0.0000000000E+00
    -1.2733624206E+01
    -2.7376269855E+01
    -4.3124906443E+01
    -5.9122972958E+01
    -7.4505598732E+01
    -8.8445202933E+01
    -1.0019493688E+02
    -1.0912755419E+02
    -1.1476755368E+02
    -1.1681482426E+02
    -1.1515850679E+02
    -1.0988034743E+02
    -1.0124741726E+02
    -8.9694678746E+01
    -7.5798456467E+01
     0.0000000000E+00
    -1.5383823472E+01
    -3.2629257848E+01
    -5.0861790055E+01
    -6.9166129744E+01
    -8.6633315477E+01
    -1.0240719503E+02
    -1.1572773438E+02
    -1.2596879430E+02
    -1.3266833293E+02
    -1.3554942742E+02
    -1.3453103360E+02
    -1.2972798802E+02
    -1.2144036789E+02
    -1.1013292561E+02
     0.0000000000E+00
    -1.8026456797E+01
    -3.7828607948E+01
    -5.8465339636E+01
    -7.8968934895E+01
    -9.8393612963E+01
    -1.1586240786E+02
    -1.3060986207E+02
    -1.4201825842E+02
    -1.4964548840E+02
    -1.5324313679E+02
    -1.5276392179E+02
    -1.4835823432E+02
    -1.4036013546E+02
     0.0000000000E+00
    -2.0617116742E+01
    -4.2884235692E+01
    -6.5799996654E+01
    -8.8351886538E+01
    -1.0956571750E+02
    -1.2855239304E+02
    -1.4454949077E+02
    -1.5695549851E+02
    -1.6535496774E+02
    -1.6953337106E+02
    -1.6948103711E+02
    -1.6538615282E+02
     0.0000000000E+00
    -2.3109688373E+01
    -4.7703784615E+01
    -7.2728482395E+01
    -9.7135363387E+01
    -1.1993128344E+02
    -1.4022449406E+02
    -1.5726461253E+02
    -1.7047441912E+02
    -1.7947193529E+02
    -1.8408179451E+02
    -1.8433552381E+02
     0.0000000000E+00
    -2.5457589385E+01
    -5.2195178825E+01
    -7.9115691715E+01
    -1.0514484593E+02
    -1.2928088807E+02
    -1.5063952502E+02
    -1.6849178170E+02
    -1.8229293265E+02
    -1.9170117298E+02
    -1.9658528016E+02
     0.0000000000E+00
    -2.7615087431E+01
    -5.6269289576E+01
    -8.4832696576E+01
    -1.1221620304E+02
    -1.3742050966E+02
    -1.5957931540E+02
    -1.7799457453E+02
    -1.9216216097E+02
    -2.0178683617E+02
     0.0000000000E+00
    -2.9538652684E+01
    -5.9842629772E+01
    -8.9760728560E+01
    -1.1820086918E+02
    -1.4417777188E+02
    -1.6685386602E+02
    -1.8557147929E+02
    -1.9987486736E+02
     0.0000000000E+00
    -3.1188301502E+01
    -6.2839987431E+01
    -9.3795007362E+01
    -1.2297073762E+02
    -1.4940774198E+02
    -1.7230787005E+02
    -1.9106294287E+02
     0.0000000000E+00
    -3.2528886326E+01
    -6.5196909223E+01
    -9.6848284637E+01
    -1.2642260067E+02
    -1.5299808032E+02
    -1.7582636926E+02
     0.0000000000E+00
    -3.3531287799E+01
    -6.6861948314E+01
    -9.8853979342E+01
    -1.2848198009E+02
    -1.5487335724E+02
     0.0000000000E+00
    -3.4173467368E+01
    -6.7798596793E+01
    -9.9768791813E+01
    -1.2910620769E+02
     0.0000000000E+00
    -3.4441342431E+01
    -6.7986831808E+01
    -9.9574698831E+01
     0.0000000000E+00
    -3.4329451174E+01
    -6.7424215849E+01
     0.0000000000E+00
    -3.3841380482E+01
     0.0000000000E+00
