    -3.1102500000E+02
    -3.0805692571E+02
    -2.9921410060E+02
    -2.8468077844E+02
    -2.6476411987E+02
    -2.3989385522E+02
    -2.1062096743E+02
    -1.7761464747E+02
    -1.4165669102E+02
    -1.0363250712E+02
    -6.4518000320E+01
    -2.5361767387E+01
     1.2737691881E+01
     4.8659726505E+01
     8.1293857771E+01
     1.0957589546E+02
     1.3252668765E+02
     1.4929200000E+02
     1.5918173834E+02
     1.6170653307E+02
     1.5660961566E+02
     1.4389194952E+02
     1.2382873709E+02
     9.6975710168E+01
     6.4164012641E+01
     2.6482986821E+01
    -1.4749247984E+01
    -5.8026912035E+01
    -1.0170822834E+02
    -1.4407587164E+02
    -1.8340389015E+02
    -2.1802832887E+02
    -2.4641844911E+02
    -2.6724525300E+02
    -2.7944400000E+02
    -3.0983963650E+02
    -3.0569096851E+02
    -2.9566388636E+02
    -2.7993718225E+02
    -2.5881792107E+02
    -2.3274303199E+02
    -2.0227928516E+02
    -1.6812078014E+02
    -1.3108304298E+02
    -9.2092889509E+01
    -5.2173363892E+01
    -1.2423299429E+01
     2.6008640647E+01
     6.1955218461E+01
     9.4266550941E+01
     1.2184968837E+02
     1.4371043702E+02
     1.5899569257E+02
     1.6703430071E+02
     1.6737431156E+02
     1.5981446257E+02
     1.4442782042E+02
     1.2157573978E+02
     9.1910648805E+01
     5.6366636200E+01
     1.6137370248E+01
    -2.7358500192E+01
    -7.2523662046E+01
    -1.1763872484E+02
    -1.6092702634E+02
    -2.0062507820E+02
    -2.3505565612E+02
    -2.6270026032E+02
    -2.8226755301E+02
    -3.0633025961E+02
    -3.0105190182E+02
    -2.8989989024E+02
    -2.7304761369E+02
    -2.5080256814E+02
    -2.2360968489E+02
    -1.9205235939E+02
    -1.5685020332E+02
    -1.1885256858E+02
    -7.9027012680E+01
    -3.8442086150E+01
     1.7558836521E+00
     4.0371979324E+01
     7.6197414392E+01
     1.0804893068E+02
     1.3481160276E+02
     1.5548340801E+02
     1.6921961570E+02
     1.7537483642E+02
     1.7354047332E+02
     1.6357534416E+02
     1.4562740456E+02
     1.2014479642E+02
     8.7874862683E+01
     4.9850291918E+01
     7.3621597181E+00
    -3.8079712344E+01
    -8.4797990156E+01
    -1.3100891527E+02
    -1.7489092170E+02
    -2.1465796101E+02
    -2.4863434685E+02
    -2.7532771237E+02
    -3.0063525195E+02
    -2.9432193146E+02
    -2.8214563953E+02
    -2.6427366099E+02
    -2.4101371736E+02
    -2.1281883870E+02
    -1.8028920800E+02
    -1.4416991854E+02
    -1.0534366924E+02
    -6.4817603461E+01
    -2.3703766551E+01
     1.6806996775E+01
     5.5477481699E+01
     9.1062241598E+01
     1.2235028937E+02
     1.4821087306E+02
     1.6764045960E+02
     1.7980878514E+02
     1.8410166162E+02
     1.8015818347E+02
     1.6790006769E+02
     1.4755108746E+02
     1.1964491837E+02
     8.5020194346E+01
     4.4802145408E+01
     3.7083381839E-01
    -4.6683314754E+01
    -9.4615308902E+01
    -1.4159070156E+02
    -1.8575743181E+02
    -2.2532136402E+02
    -2.5862217535E+02
    -2.9297945341E+02
    -2.8576576649E+02
    -2.7270226415E+02
    -2.5394879484E+02
    -2.2981251339E+02
    -2.0075410103E+02
    -1.6739019144E+02
    -1.3049088426E+02
    -9.0971371328E+01
    -4.9876941016E+01
    -8.3609519715E+00
     3.2344237802E+01
     7.0962960382E+01
     1.0621766043E+02
     1.3687471701E+02
     1.6179292417E+02
     1.7997255311E+02
     1.9060267986E+02
     1.9310434072E+02
     1.8716708973E+02
     1.7277668504E+02
     1.5023192244E+02
     1.2014905680E+02
     8.3452786222E+01
     4.1353395827E+01
    -4.6896639359E+00
    -5.3016790848E+01
    -1.0182818176E+02
    -1.4925244120E+02
    -1.9342103594E+02
    -2.3254537682E+02
    -2.8366568146E+02
    -2.7572064349E+02
    -2.6193719417E+02
    -2.4246594455E+02
    -2.1761227993E+02
    -1.8784372723E+02
    -1.5379272921E+02
    -1.1625367110E+02
    -7.6173209536E+01
    -3.4633251911E+01
     7.1736862849E+00
     4.7976579791E+01
     8.6464808332E+01
     1.2133277081E+02
     1.5132863046E+02
     1.7530522818E+02
     1.9227089238E+02
     2.0143767544E+02
     2.0226447756E+02
     1.9449259028E+02
     1.7817140803E+02
     1.5367241165E+02
     1.2169000936E+02
     8.3228406825E+01
     3.9574340143E+01
    -7.7437899668E+00
    -5.7009135509E+01
    -1.0638004835E+02
    -1.5396163375E+02
    -1.9788219351E+02
    -2.7306328643E+02
    -2.6458358579E+02
    -2.5027033073E+02
    -2.3026281693E+02
    -2.0486324489E+02
    -1.7454502552E+02
    -1.3995566614E+02
    -1.0191307075E+02
    -6.1394352540E+01
    -1.9516612014E+01
     2.2490437248E+01
     6.3319634315E+01
     1.0162846803E+02
     1.3608675557E+02
     1.6542810475E+02
     1.8850298688E+02
     2.0433097185E+02
     2.1214952438E+02
     2.1145674621E+02
     2.0204558208E+02
     1.8402728641E+02
     1.5784236505E+02
     1.2425774337E+02
     8.4349544513E+01
     3.9471557245E+01
    -8.7898038443E+00
    -5.8672531992E+01
    -1.0830588160E+02
    -1.5578429614E+02
    -2.6159415023E+02
    -2.5279635275E+02
    -2.3815818374E+02
    -2.1780548031E+02
    -1.9203584157E+02
    -1.6132765155E+02
    -1.2634283484E+02
    -8.7922191429E+01
    -4.7072480245E+01
    -4.9448307771E+00
     3.7195463261E+01
     7.8007201454E+01
     1.1611849862E+02
     1.5017738937E+02
     1.7890579591E+02
     2.0115448964E+02
     2.1595644061E+02
     2.2257584597E+02
     2.2055017234E+02
     2.0972274182E+02
     1.9026373294E+02
     1.6267794389E+02
     1.2779825333E+02
     8.6764386713E+01
     4.0987318484E+01
    -7.8996256495E+00
    -5.8101196051E+01
    -1.0772976773E+02
    -2.4971662951E+02
    -2.4082861748E+02
    -2.2607654294E+02
    -2.0557079845E+02
    -1.7960317808E+02
    -1.4865638172E+02
    -1.1340638975E+02
    -7.4716591289E+01
    -3.3622930138E+01
     8.6902063400E+00
     5.0923114276E+01
     9.1702133802E+01
     1.2962792632E+02
     1.6332885816E+02
     1.9151725953E+02
     2.1304600852E+02
     2.2696269730E+02
     2.3255858780E+02
     2.2940966751E+02
     2.1740737292E+02
     1.9677695023E+02
     1.6808195386E+02
     1.3221401730E+02
     9.0367737423E+01
     4.4001254747E+01
    -5.2161502930E+00
    -5.5467432149E+01
    -2.3790801846E+02
    -2.2915997598E+02
    -2.1450230300E+02
    -1.9402834196E+02
    -1.6802329866E+02
    -1.3697397426E+02
    -1.0157049729E+02
    -6.2699000193E+01
    -2.1424621420E+01
     2.1035277446E+01
     6.3347237569E+01
     1.0410616600E+02
     1.4188658844E+02
     1.7529865821E+02
     2.0304649044E+02
     2.2398610784E+02
     2.3718013967E+02
     2.4194642168E+02
     2.3789780894E+02
     2.2497083133E+02
     2.0344128179E+02
     1.7392540907E+02
     1.3736606108E+02
     9.5003858572E+01
     4.8334232492E+01
    -9.4810854674E-01
    -2.2664616115E+02
    -2.1826143419E+02
    -2.0389509515E+02
    -1.8362242503E+02
    -1.5772186978E+02
    -1.2668472586E+02
    -9.1215955444E+01
    -5.2225161114E+01
    -1.0807239130E+01
     3.1787217432E+01
     7.4191111619E+01
     1.1496839701E+02
     1.5266821627E+02
     1.8588337527E+02
     2.1331053531E+02
     2.3380926552E+02
     2.4645700354E+02
     2.5059703762E+02
     2.4587684779E+02
     2.3227452181E+02
     2.1011147650E+02
     1.8005034288E+02
     1.4307758217E+02
     1.0047115385E+02
     5.3754314914E+01
    -2.1639087589E+02
    -2.0857704072E+02
    -1.9467938754E+02
    -1.7475491375E+02
    -1.4907591103E+02
    -1.1813930880E+02
    -8.2666285212E+01
    -4.3591284321E+01
    -2.0401175611E+00
     4.0702582508E+01
     8.3235679948E+01
     1.2409215827E+02
     1.6179604474E+02
     1.9492318233E+02
     2.2216306093E+02
     2.4237872538E+02
     2.5466173842E+02
     2.5837930111E+02
     2.5321091847E+02
     2.3917243398E+02
     2.1662582202E+02
     1.8627379652E+02
     1.4913903059E+02
     1.0652854913E+02
    -2.0756586336E+02
    -2.0050633047E+02
    -1.8722770270E+02
    -1.6776942738E+02
    -1.4239915671E+02
    -1.1162143133E+02
    -7.6175786659E+01
    -3.7023552894E+01
     4.6767956193E+00
     4.7605262686E+01
     9.0325818680E+01
     1.3134005586E+02
     1.6914678657E+02
     2.0230493701E+02
     2.2949679478E+02
     2.4958852407E+02
     2.6168488037E+02
     2.6517524095E+02
     2.5976841237E+02
     2.4551416659E+02
     2.2281007007E+02
     1.9239287386E+02
     1.5531449139E+02
    -2.0054175646E+02
    -1.9438821913E+02
    -1.8184556403E+02
    -1.6293750803E+02
    -1.3792957920E+02
    -1.0733680166E+02
    -7.1919985602E+01
    -3.2670048105E+01
     9.2195841247E+00
     5.2391788780E+01
     9.5374438321E+01
     1.3663703631E+02
     1.7465286339E+02
     2.0796380601E+02
     2.3524479157E+02
     2.5536466225E+02
     2.6744039729E+02
     2.7088183763E+02
     2.6542446980E+02
     2.5114836778E+02
     2.2848204618E+02
     1.9819071081E+02
    -1.9562093249E+02
    -1.9048694012E+02
    -1.7875872550E+02
    -1.6044726761E+02
    -1.3581953187E+02
    -1.0540479829E+02
    -6.9988815255E+01
    -3.0595380625E+01
     1.1544387836E+01
     5.5034158940E+01
     9.8364293676E+01
     1.3997139226E+02
     1.7830284442E+02
     2.1188339250E+02
     2.3938051653E+02
     2.5966541550E+02
     2.7186649617E+02
     2.7541258497E+02
     2.7006353641E+02
     2.5592650140E+02
     2.3345680923E+02
    -1.9302464958E+02
    -1.8898054729E+02
    -1.7810316127E+02
    -1.6039493669E+02
    -1.3612887974E+02
    -1.0585315589E+02
    -7.0382783607E+01
    -3.0778220886E+01
     1.1688668229E+01
     5.5580094114E+01
     9.9347453302E+01
     1.4139369322E+02
     1.8014010243E+02
     2.1409439053E+02
     2.4191677371E+02
     2.6248080643E+02
     2.7492589617E+02
     2.7869880144E+02
     2.7358192335E+02
     2.5970683355E+02
    -1.9288299035E+02
    -1.8995241880E+02
    -1.7991819776E+02
    -1.6277964043E+02
    -1.3882138377E+02
    -1.0861587335E+02
    -7.3012274787E+01
    -3.3111822630E+01
     9.7696693091E+00
     5.4150719199E+01
     9.8442458844E+01
     1.4101369599E+02
     1.8025975562E+02
     2.1467183855E+02
     2.4290354363E+02
     2.6383128401E+02
     2.7660558520E+02
     2.8069067135E+02
     2.7589030573E+02
    -1.9522800000E+02
    -1.9338609514E+02
    -1.8414306254E+02
    -1.6750161575E+02
    -1.4376449244E+02
    -1.1353443883E+02
    -7.7700024893E+01
    -3.7407530931E+01
     5.9801247367E+00
     5.0935754080E+01
     9.5829282373E+01
     1.3899535644E+02
     1.7880401972E+02
     2.1373108815E+02
     2.4242482760E+02
     2.6376567863E+02
     2.7691609064E+02
     2.8135800000E+02
    -1.9999029617E+02
    -1.9916366921E+02
    -1.9061700684E+02
    -1.7436396494E+02
    -1.5073257653E+02
    -1.2036235257E+02
    -8.4186703254E+01
    -4.3401163442E+01
     5.8135600704E-01
     4.6186383266E+01
     9.1742263788E+01
     1.3555012708E+02
     1.7595614644E+02
     2.1142264465E+02
     2.4059462610E+02
     2.6235852152E+02
     2.7589030573E+02
    -2.0699930807E+02
    -2.0706782354E+02
    -1.9908303409E+02
    -1.8307791822E+02
    -1.5941352354E+02
    -1.2877281367E+02
    -9.2139422741E+01
    -5.0762054633E+01
    -6.1060041932E+00
     4.0206051490E+01
     8.6461277884E+01
     1.3092878120E+02
     1.7193316912E+02
     2.0792607093E+02
     2.3755220324E+02
     2.5970683355E+02
    -2.1598717633E+02
    -2.1678748262E+02
    -2.0919514175E+02
    -1.9327145549E+02
    -1.6941849115E+02
    -1.3836932708E+02
    -1.0116290113E+02
    -5.9104460920E+01
    -1.3713347999E+01
     3.3339502941E+01
     8.0301439710E+01
     1.2541205230E+02
     1.6697771438E+02
     2.0344317358E+02
     2.3345680923E+02
    -2.2659621748E+02
    -2.2792692245E+02
    -2.2052886053E+02
    -2.0450101969E+02
    -1.8029450840E+02
    -1.4869888477E+02
    -1.1081290319E+02
    -6.8000942827E+01
    -2.1837101669E+01
     2.5960441082E+01
     7.3601705159E+01
     1.1930041546E+02
     1.6134916666E+02
     1.9819071081E+02
    -2.3838973186E+02
    -2.4001805737E+02
    -2.3259475881E+02
    -2.1626594547E+02
    -1.9153951305E+02
    -1.5926728486E+02
    -1.2061151324E+02
    -7.6997271561E+01
    -3.0052964611E+01
     1.8458232584E+01
     6.6712759878E+01
     1.1290336394E+02
     1.5531449139E+02
    -2.5086581600E+02
    -2.5253551219E+02
    -2.4485447527E+02
    -2.2802513011E+02
    -2.0261932678E+02
    -1.6955607602E+02
    -1.3006372321E+02
    -8.5628353989E+01
    -3.7930892141E+01
     1.1224110896E+01
     5.9984612282E+01
     1.0652854913E+02
    -2.6347373344E+02
    -2.6491398778E+02
    -2.5673875146E+02
    -2.3921539287E+02
    -2.1298600011E+02
    -1.7904055648E+02
    -1.3867477405E+02
    -9.3434633741E+01
    -4.5050310140E+01
     4.6373515150E+00
     5.3754314914E+01
    -2.7563230595E+02
    -2.7656734538E+02
    -2.6766686353E+02
    -2.4927090714E+02
    -2.2209690803E+02
    -1.8720821696E+02
    -1.4596765989E+02
    -9.9978408377E+01
    -5.1015041324E+01
    -9.4810854674E-01
    -2.8674971300E+02
    -2.8690877077E+02
    -2.7706679893E+02
    -2.5764304790E+02
    -2.2943394764E+02
    -1.9357699892E+02
    -1.5150019652E+02
    -1.0485950384E+02
    -5.5467432149E+01
    -2.9624403374E+02
    -2.9537133726E+02
    -2.8439549388E+02
    -2.6381997858E+02
    -2.3452218141E+02
    -1.9771274178E+02
    -1.5488106782E+02
    -1.0772976773E+02
    -3.0356383498E+02
    -3.0142826730E+02
    -2.8915843919E+02
    -2.6734530473E+02
    -2.3694728399E+02
    -1.9924521725E+02
    -1.5578429614E+02
    -3.0820810093E+02
    -3.0461219673E+02
    -2.9092797887E+02
    -2.6783514943E+02
    -2.3637118746E+02
    -1.9788219351E+02
    -3.0974481752E+02
    -3.0453277450E+02
    -2.8935966451E+02
    -2.6499305370E+02
    -2.3254537682E+02
    -3.0782756388E+02
    -3.0089198147E+02
    -2.8420609009E+02
    -2.5862217535E+02
    -3.0220952621E+02
    -2.9349662447E+02
    -2.7532771237E+02
    -2.9275443168E+02
    -2.8226755301E+02
    -2.7944400000E+02
