     0.0000000000E+00
    -2.4570850938E+01
    -4.8689403040E+01
    -7.1899037665E+01
    -9.3735832285E+01
    -1.1372813045E+02
    -1.3139965755E+02
    -1.4627685466E+02
    -1.5790071339E+02
    -1.6584296283E+02
    -1.6972601849E+02
    -1.6924568294E+02
    -1.6419522331E+02
    -1.5448916838E+02
    -1.4018499321E+02
    -1.2150080809E+02
    -9.8827251176E+01
    -7.2732000000E+01
    -4.3955658722E+01
    -1.3398227368E+01
     1.7904107389E+01
     4.8811534666E+01
     7.8121606890E+01
     1.0461714185E+02
     1.2711900462E+02
     1.4454130381E+02
     1.5594623030E+02
     1.6059560763E+02
     1.5799622896E+02
     1.4793623059E+02
     1.3051009367E+02
     1.0613035992E+02
     7.5524770461E+01
     3.9718257571E+01
    -1.4336443602E-13
     0.0000000000E+00
    -2.4768797259E+01
    -4.9268497690E+01
    -7.3009781305E+01
    -9.5480249731E+01
    -1.1614726393E+02
    -1.3446520767E+02
    -1.4988758801E+02
    -1.6188395468E+02
    -1.6996116759E+02
    -1.7368809856E+02
    -1.7272245220E+02
    -1.6683806332E+02
    -1.5595080031E+02
    -1.4014109596E+02
    -1.1967115333E+02
    -9.4995037573E+01
    -6.6760161783E+01
    -3.5799092100E+01
    -3.1111124998E+00
     3.0166425059E+01
     6.2796319110E+01
     9.3488041360E+01
     1.2095072165E+02
     1.4395025396E+02
     1.6136779507E+02
     1.7225668038E+02
     1.7589469515E+02
     1.7182872457E+02
     1.5990906559E+02
     1.4031110651E+02
     1.1354265024E+02
     8.0435844180E+01
     4.2123450284E+01
     0.0000000000E+00
    -2.5162400522E+01
    -5.0226238656E+01
    -7.4659997758E+01
    -9.7894759560E+01
    -1.1933078603E+02
    -1.3834928555E+02
    -1.5432949172E+02
    -1.6667072291E+02
    -1.7481862638E+02
    -1.7829437599E+02
    -1.7672521965E+02
    -1.6987449097E+02
    -1.5766903228E+02
    -1.4022194130E+02
    -1.1784865896E+02
    -9.1074660767E+01
    -6.0633390605E+01
    -2.7453563711E+01
     7.3644593930E+00
     4.2582897624E+01
     7.6870396430E+01
     1.0885389712E+02
     1.3717636564E+02
     1.6055775284E+02
     1.7785622322E+02
     1.8812650755E+02
     1.9067222573E+02
     1.8508919323E+02
     1.7129706742E+02
     1.4955719232E+02
     1.2047514010E+02
     8.4987192022E+01
     0.0000000000E+00
    -2.5747082342E+01
    -5.1551499866E+01
    -7.6830596648E+01
    -1.0095163773E+02
    -1.2324255885E+02
    -1.4300852686E+02
    -1.5955413863E+02
    -1.7221060410E+02
    -1.8036679356E+02
    -1.8350261236E+02
    -1.8122283037E+02
    -1.7328926597E+02
    -1.5964912370E+02
    -1.4045732677E+02
    -1.1609087132E+02
    -8.7153555856E+01
    -5.4469890738E+01
    -1.9067546664E+01
     1.7851671925E+01
     5.4951679169E+01
     9.0811474781E+01
     1.2398209539E+02
     1.5304868173E+02
     1.7669477129E+02
     1.9376564972E+02
     2.0332748512E+02
     2.0471903889E+02
     1.9759299849E+02
     1.8194440060E+02
     1.5812419127E+02
     1.2683667308E+02
     0.0000000000E+00
    -2.6515977291E+01
    -5.3228707330E+01
    -7.9496115675E+01
    -1.0461519115E+02
    -1.2783726888E+02

    -1.4838960934E+02
    -1.6550278716E+02
    -1.7844290945E+02
    -1.8654722593E+02
    -1.8926130367E+02
    -1.8617564968E+02
    -1.7705949673E+02
    -1.6188944049E+02
    -1.4087073663E+02
    -1.1444933407E+02
    -8.3313126198E+01
    -4.8381424043E+01
    -1.0782269611E+01
     2.8182122121E+01
     6.7080814590E+01
     1.0440884913E+02
     1.3864894232E+02
     1.6833742677E+02
     1.9213131012E+02
     2.0887311663E+02
     2.1765014225E+02
     2.1784490596E+02
     2.0917391403E+02
     1.9171235637E+02
     1.6590300146E+02
     0.0000000000E+00
    -2.7459938774E+01
    -5.5237851527E+01
    -8.2624734425E+01
    -1.0884176032E+02
    -1.3306039728E+02
    -1.5442916041E+02
    -1.7210618774E+02
    -1.8529633514E+02
    -1.9329104532E+02
    -1.9550889359E+02
    -1.9153447633E+02
    -1.8115320790E+02
    -1.6437964001E+02
    -1.4147711946E+02
    -1.1296694864E+02
    -7.9625693974E+01
    -4.2469876298E+01
    -2.7279430183E+00
     3.8199872369E+01
     7.8792492356E+01
     1.1746776486E+02
     1.5264850498E+02
     1.8283179238E+02
     2.0665819563E+02
     2.2297745530E+02
     2.3090720382E+02
     2.2988153424E+02
     2.1968664562E+02
     2.0048136932E+02
     0.0000000000E+00
    -2.8567552206E+01
    -5.7554516857E+01
    -8.6178316760E+01
    -1.1357976315E+02
    -1.3884824457E+02
    -1.6105373312E+02
    -1.7928447194E+02
    -1.9268871983E+02
    -2.0051851585E+02
    -2.0217312016E+02
    -1.9723961083E+02
    -1.8552808806E+02
    -1.6709906511E+02
    -1.4228090799E+02
    -1.1167561402E+02
    -7.6151771011E+01
    -3.6824187597E+01
     4.9796049542E+00
     4.7765047170E+01
     8.9926798307E+01
     1.2981324273E+02
     1.6579641525E+02
     1.9634409417E+02
     2.2009056368E+02
     2.3590248366E+02
     2.4293643200E+02
     2.4068500172E+02
     2.2900882825E+02
     0.0000000000E+00
    -2.9825159696E+01
    -6.0149937399E+01
    -9.0112496673E+01
    -1.1876980116E+02
    -1.4512803777E+02
    -1.6817988542E+02
    -1.8694716694E+02
    -2.0052695098E+02
    -2.0813879454E+02
    -2.0917056278E+02
    -2.0322015320E+02
    -1.9013049903E+02
    -1.7001543525E+02
    -1.4327437456E+02
    -1.1059424402E+02
    -7.2937751218E+01
    -3.1517749870E+01
     1.2241779957E+01
     5.6756873403E+01
     1.0034487273E+02
     1.4129327255E+02
     1.7793301599E+02
     2.0871278667E+02
     2.3227066531E+02
     2.4749953416E+02
     2.5360282282E+02
     2.5013758605E+02
     0.0000000000E+00
    -3.1216901124E+01
    -6.2991089229E+01
    -9.4376823747E+01
    -1.2434485027E+02
    -1.5181814873E+02
    -1.7571439863E+02
    -1.9499337802E+02
    -2.0870706904E+02
    -2.1604991140E+02
    -2.1640645175E+02
    -2.0939359880E+02
    -1.9489482101E+02
    -1.7308391374E+02
    -1.4443640546E+02
    -1.0972724774E+02
    -7.0014111637E+01
    -2.6606358500E+01
     1.8979474825E+01
     6.5076081662E+01
     1.0993139286E+02
     1.5178130393E+02
     1.8892578493E+02
     2.1980474808E+02
     2.4306994668E+02
     2.5764927486E+02
     2.6280012911E+02
     0.0000000000E+00
    -3.2724776854E+01
    -6.6040830105E+01
    -9.8914984736E+01
    -1.3023055877E+02
    -1.5882845216E+02
    -1.8355466898E+02
    -2.0331217882E+02
    -2.1711461506E+02
    -2.2413902966E+02
    -2.2377479629E+02
    -2.1566579234E+02
    -1.9974319753E+02
    -1.7624661784E+02
    -1.4573176252E+02
    -1.0906354277E+02
    -6.7394191660E+01
    -2.2126786102E+01
     2.5134659591E+01
     7.2646607533E+01
     1.1859632500E+02
     1.6117798451E+02
     1.9867099437E+02
     2.2951680049E+02
     2.5239037769E+02
     2.6626280616E+02
     0.0000000000E+00
    -3.4328737440E+01
    -6.9258097235E+01
    -1.0366511726E+02
    -1.3634567340E+02
    -1.6606084915E+02
    -1.9158930320E+02
    -2.1178324455E+02
    -2.2562526105E+02
    -2.3228302922E+02
    -2.3115887701E+02
    -2.2193128881E+02
    -2.0458573061E+02
    -1.7943262358E+02
    -1.4711088445E+02
    -1.0857615270E+02
    -6.5073599983E+01
    -1.8096025229E+01
     3.0671265244E+01
     7.9416554817E+01
     1.2627591402E+02
     1.6941212021E+02
     2.0709458786E+02
     2.3777645456E+02
     2.6016502524E+02
     0.0000000000E+00
    -3.6006805508E+01
    -7.2598173181E+01
    -1.0856023026E+02
    -1.4260261247E+02
    -1.7340997894E+02
    -1.9969894385E+02
    -2.2027775696E+02
    -2.3410575400E+02
    -2.4034944613E+02
    -2.3843213722E+02
    -2.2807415622E+02
    -2.0932116142E+02
    -1.8255849968E+02
    -1.4851026054E+02
    -1.0822241956E+02
    -6.3030277095E+01
    -1.4511223912E+01
     3.5575341987E+01
     8.5358406793E+01
     1.3293290245E+02
     1.7644085577E+02
     2.1415227903E+02
     2.4454188996E+02
     0.0000000000E+00
    -3.7735234490E+01
    -7.6013028722E+01
    -1.1352874346E+02
    -1.4890820111E+02
    -1.8076413626E+02
    -2.0775734365E+02
    -2.2865960120E+02
    -2.4241519457E+02
    -2.4819778900E+02
    -2.4545949321E+02
    -2.3396923958E+02
    -2.1383805388E+02
    -1.8552938591E+02
    -1.4985338951E+02
    -1.0794484032E+02
    -6.1225218187E+01
    -1.1350314282E+01
     3.9854496890E+01
     9.0468496001E+01
     1.3855599508E+02
     1.8224909773E+02
     2.1982890017E+02
     0.0000000000E+00
    -3.9488708092E+01
    -7.9451749601E+01
    -1.1849515511E+02
    -1.5516457934E+02
    -1.8800640559E+02
    -2.1563269996E+02
    -2.3678686525E+02
    -2.5040665960E+02
    -2.5568123978E+02
    -2.5209906879E+02
    -2.3948388815E+02
    -2.1801648026E+02
    -1.8824061114E+02
    -1.5105231446E+02
    -1.0767251402E+02
    -5.9603838238E+01
    -8.5733108555E+00
     4.3536639734E+01
     9.4765766721E+01
     1.4315860904E+02
     1.8684822436E+02
     0.0000000000E+00
    -4.1240583352E+01
    -8.2861051784E+01
    -1.2338084326E+02
    -1.6127028804E+02
    -1.9501601640E+02
    -2.2318925169E+02
    -2.4451364135E+02
    -2.5792916489E+02
    -2.6264873168E+02
    -2.5820434272E+02
    -2.4448013054E+02
    -2.2173018843E+02
    -1.9057982594E+02
    -1.5200970366E+02
    -1.0732316389E+02
    -5.8097938307E+01
    -6.1242321861E+00
     4.6668088548E+01
     9.8289886685E+01
     1.4677697007E+02
     0.0000000000E+00
    -4.2963178787E+01
    -8.6185886994E+01
    -1.2810500148E+02
    -1.6712153167E+02
    -2.0166991511E+02
    -2.3028913059E+02
    -2.5169211740E+02
    -2.6482995121E+02
    -2.6894738190E+02
    -2.6362668118E+02
    -2.4881726388E+02
    -2.2484921135E+02
    -1.9242960435E+02
    -1.5262142610E+02
    -1.0680567771E+02
    -5.6628210742E+01
    -3.9335783328E+00
     4.9311107279E+01
     1.0109878480E+02
     0.0000000000E+00
    -4.4628107671E+01
    -8.9370137172E+01
    -1.3258570499E+02
    -1.7261360994E+02
    -2.0784454143E+02
    -2.3679444909E+02
    -2.5817493401E+02
    -2.7095706281E+02
    -2.7442524180E+02
    -2.6821821106E+02
    -2.5235480616E+02
    -2.2724286110E+02
    -1.9367045061E+02
    -1.5277955122E+02
    -1.0602309006E+02
    -5.5107201595E+01
    -1.9212775986E+00
     5.1540966338E+01
     0.0000000000E+00
    -4.6206654792E+01
    -9.2357393039E+01
    -1.3674109782E+02
    -1.7764250346E+02
    -2.1341778750E+02
    -2.4256959590E+02
    -2.6381777109E+02
    -2.7616217447E+02
    -2.7893431250E+02
    -2.7183497430E+02
    -2.5495574426E+02
    -2.2878303268E+02
    -1.9418412948E+02
    -1.5237568534E+02
    -1.0487591319E+02
    -5.3442631933E+01
     9.5934895927E-14
     0.0000000000E+00
    -4.7670193308E+01
    -9.5091808455E+01
    -1.4049068657E+02
    -1.8210659151E+02
    -2.1827110979E+02
    -2.4748370087E+02
    -2.6848211641E+02
    -2.8030361051E+02
    -2.8233376058E+02
    -2.7434028933E+02
    -2.5648999579E+02
    -2.2934772843E+02
    -1.9385722384E+02
    -1.5130454239E+02
    -1.0326570909E+02
    -5.1540966338E+01
     0.0000000000E+00
    -4.8990636518E+01
    -9.7519018683E+01
    -1.4375672074E+02
    -1.8590847327E+02
    -2.2229175575E+02
    -2.5141322094E+02
    -2.7203815804E+02
    -2.8324948791E+02
    -2.8449325670E+02
    -2.7560823375E+02
    -2.5683799067E+02
    -2.2882470138E+02
    -1.9258481195E+02
    -1.4946763574E+02
    -1.0109878480E+02
     0.0000000000E+00
    -5.0140917642E+01
    -9.9587107297E+01
    -1.4646563518E+02
    -1.8895685742E+02
    -2.2537505938E+02
    -2.5424459078E+02
    -2.7436773382E+02
    -2.8488090648E+02
    -2.8529635033E+02
    -2.7552715247E+02
    -2.5589426881E+02
    -2.2711510732E+02
    -1.9027414783E+02
    -1.4677697007E+02
     0.0000000000E+00
    -5.1095489050E+01
    -1.0124760334E+02
    -1.4854952517E+02
    -1.9116847990E+02
    -2.2742675385E+02
    -2.5587687499E+02
    -2.7536726344E+02
    -2.8509510140E+02
    -2.8464378671E+02
    -2.7400308918E+02
    -2.5357098440E+02
    -2.2413704973E+02
    -1.8684822436E+02
     0.0000000000E+00
    -5.1830830917E+01
    -1.0245648763E+02
    -1.4994762163E+02
    -1.9247000461E+02
    -2.2836524444E+02
    -2.5622435317E+02
    -2.7495058394E+02
    -2.8380846902E+02
    -2.8245666777E+02
    -2.7096303504E+02
    -2.4980120439E+02
    -2.1982890017E+02
     0.0000000000E+00
    -5.2325958052E+01
    -1.0317518485E+02
    -1.5060773035E+02
    -1.9279985916E+02
    -2.2812378126E+02
    -2.5521896643E+02
    -2.7305160658E+02
    -2.8095937442E+02
    -2.7867935777E+02
    -2.6635788872E+02
    -2.4454188996E+02
     0.0000000000E+00
    -5.2562912693E+01
    -1.0337151657E+02
    -1.5048759785E+02
    -1.9210995530E+02
    -2.2665247020E+02
    -2.5281255266E+02
    -2.6962671272E+02
    -2.7651065029E+02
    -2.7328203619E+02
    -2.6016502524E+02
     0.0000000000E+00
    -5.2527230462E+01
    -1.0302058944E+02
    -1.4955616521E+02
    -1.9036724384E+02
    -2.2392006037E+02
    -2.4897879917E+02
    -2.6465680917E+02
    -2.7045170059E+02
    -2.6626280616E+02
     0.0000000000E+00
    -5.2208366429E+01
    -1.0210559262E+02
    -1.4779467201E+02
    -1.8755505453E+02
    -2.1991544901E+02
    -2.4371484512E+02
    -2.5814896827E+02
    -2.6280012911E+02
     0.0000000000E+00
    -5.1600068413E+01
    -1.0061847936E+02
    -1.4519757379E+02
    -1.8367417467E+02
    -2.1464884879E+02
    -2.3704247195E+02
    -2.5013758605E+02
     0.0000000000E+00
    -5.0700685204E+01
    -9.8560509081E+01
    -1.4177323941E+02
    -1.7874362431E+02
    -2.0815256894E+02
    -2.2900882825E+02
     0.0000000000E+00
    -4.9513398395E+01
    -9.5942628643E+01
    -1.3754439886E+02
    -1.7280109187E+02
    -2.0048136932E+02
     0.0000000000E+00
    -4.8046367886E+01
    -9.2785674688E+01
    -1.3254831672E+02
    -1.6590300146E+02
     0.0000000000E+00
    -4.6312782870E+01
    -8.9120382581E+01
    -1.2683667308E+02
     0.0000000000E+00
    -4.4330812187E+01
    -8.4987192022E+01
     0.0000000000E+00
    -4.2123450284E+01
     0.0000000000E+00
