     0.0000000000E+00
    -2.3543420800E+01
    -4.6387880780E+01
    -6.7851815316E+01
    -8.7287959514E+01
    -1.0409928262E+02
    -1.1775350866E+02
    -1.2779582490E+02
    -1.3385943864E+02
    -1.3567371228E+02
    -1.3306968417E+02
    -1.2598286525E+02
    -1.1445328640E+02
    -9.8622855474E+01
    -7.8730163379E+01
    -5.5102952417E+01
    -2.8148525301E+01
     1.6575726228E+00
     3.3784223601E+01
     6.7658357684E+01
     1.0267910635E+02
     1.3823207301E+02
     1.7370331759E+02
     2.0849267863E+02
     2.4202609395E+02
     2.7376662802E+02
     3.0322396856E+02
     3.2996221483E+02
     3.5360584252E+02
     3.7384379381E+02
     3.9043170273E+02
     4.0319232412E+02
     4.1201428748E+02
     4.1684934252E+02
     4.1770830096E+02
    -4.7203488084E+01
    -7.0280034745E+01
    -9.2086938115E+01
    -1.1196911903E+02
    -1.2931864365E+02
    -1.4358947839E+02
    -1.5431049236E+02
    -1.6109635934E+02
    -1.6365607923E+02
    -1.6179891575E+02
    -1.5543762925E+02
    -1.4458896870E+02
    -1.2937147103E+02
    -1.1000069787E+02
    -8.6782114123E+01
    -6.0101880152E+01
    -3.0415884347E+01
     1.7626131613E+00
     3.5876325512E+01
     7.1337857034E+01
     1.0754377710E+02
     1.4388844568E+02
     1.7977721192E+02
     2.1463864440E+02
     2.4793549869E+02
     2.7917418250E+02
     3.0791253906E+02
     3.3376583280E+02
     3.5641088530E+02
     3.7558837227E+02
     3.9110335115E+02
     4.0282414218E+02
     4.1067973221E+02
     4.1465590794E+02
    -9.3706037855E+01
    -1.1597615469E+02
    -1.3642837918E+02
    -1.5444467214E+02
    -1.6946592135E+02
    -1.8100521283E+02
    -1.8865905700E+02
    -1.9211628071E+02
    -1.9116437113E+02
    -1.8569313972E+02
    -1.7569565887E+02
    -1.6126650880E+02
    -1.4259745444E+02
    -1.1997074786E+02
    -9.3750319896E+01
    -6.4371182035E+01
    -3.2327404176E+01
     1.8409342810E+00
     3.7561405813E+01
     7.4243091778E+01
     1.1129022980E+02
     1.4811527109E+02
     1.8415100407E+02
     2.1886144723E+02
     2.5175126937E+02
     2.8237355565E+02
     3.1033580215E+02
     3.3530408610E+02
     3.5700542280E+02
     3.7522837938E+02
     3.8982207012E+02
     4.0069370422E+02
     4.0780489524E+02
    -1.3882709136E+02
    -1.5997174114E+02
    -1.7878280398E+02
    -1.9468882169E+02
    -2.0718769069E+02
    -2.1585818949E+02
    -2.2036922286E+02
    -2.2048655903E+02
    -2.1607691717E+02
    -2.0710934650E+02
    -1.9365392393E+02
    -1.7587787882E+02
    -1.5403933131E+02
    -1.2847889906E+02
    -9.9609486503E+01
    -6.7904616848E+01
    -3.3885700424E+01
     1.8913487136E+00
     3.8849731811E+01
     7.6405214404E+01
     1.1397902341E+02
     1.5100984651E+02
     1.8696463443E+02
     2.2134796162E+02
     2.5370976162E+02
     2.8365131789E+02
     3.1082945642E+02
     3.3495895043E+02
     3.5581320816E+02
     3.7322336931E+02
     3.8707598293E+02
     3.9730947822E+02
    -1.8192617135E+02
    -2.0165601094E+02
    -2.1857825343E+02
    -2.3217627008E+02
    -2.4201161336E+02
    -2.4773359276E+02
    -2.4908638965E+02
    -2.4591355810E+02
    -2.3815984202E+02
    -2.2587032406E+02
    -2.0918700432E+02
    -1.8834298482E+02
    -1.6365450571E+02
    -1.3551113931E+02
    -1.0436449609E+02
    -7.0715831475E+01
    -3.5102962317E+01
     1.9130922275E+00
     3.9761340054E+01
     7.7873532778E+01
     1.1569602211E+02
     1.5270045424E+02
     1.8839305521E+02
     2.2232232113E+02
     2.5408499196E+02
     2.8333025370E+02
     3.0976217865E+02
     3.3314047462E+02
     3.5327966958E+02
     3.7004690601E+02
     3.8335855829E+02
    -2.2242124464E+02
    -2.4048482399E+02
    -2.5531634230E+02
    -2.6646071956E+02
    -2.7354808675E+02
    -2.7630126027E+02
    -2.7454064332E+02
    -2.6818647368E+02
    -2.5725842233E+02
    -2.4187262957E+02
    -2.2223634423E+02
    -1.9864040197E+02
    -1.7144984048E+02
    -1.4109299855E+02
    -1.0804948228E+02
    -7.2837403655E+01
    -3.6000303661E+01
     1.9058352134E+00
     4.0325103948E+01
     7.8713360324E+01
     1.1654879685E+02
     1.5334113375E+02
     1.8863924844E+02
     2.2203711790E+02
     2.5317801701E+02
     2.8175698136E+02
     3.0752160511E+02
     3.3027130070E+02
     3.4985519605E+02
     3.6616888396E+02
    -2.5980513699E+02
    -2.7599584892E+02
    -2.8858594080E+02
    -2.9718688563E+02
    -3.0150046163E+02
    -3.0132403855E+02
    -2.9655324622E+02
    -2.8718201829E+02
    -2.7330008705E+02
    -2.5508808349E+02
    -2.3281046874E+02
    -2.0680658530E+02
    -1.7748016729E+02
    -1.4528768666E+02
    -1.1072593582E+02
    -7.4319255957E+01
    -3.6606814133E+01
     1.8696876802E+00
     4.0577521687E+01
     7.9003355878E+01
     1.1666233633E+02
     1.5310563908E+02
     1.8792636563E+02
     2.2076372301E+02
     2.5130549549E+02
     2.7928887777E+02
     3.0449979644E+02
     3.2677089606E+02
     3.4597840625E+02
    -2.9365945412E+02
    -3.0782100456E+02
    -3.1807395221E+02
    -3.2409948298E+02
    -3.2567216970E+02
    -3.2266304840E+02
    -3.1504010008E+02
    -3.0286620242E+02
    -2.8629469469E+02
    -2.6556277100E+02
    -2.4098298082E+02
    -2.1293316723E+02
    -1.8184521280E+02
    -1.4819298808E+02
    -1.1247990793E+02
    -7.5226496645E+01
    -3.6958343934E+01
     1.8051975876E+00
     4.0561266671E+01
     7.8832445430E+01
     1.1617421555E+02
     1.5218079020E+02
     1.8648926049E+02
     2.1878206151E+02
     2.4878782691E+02
     2.7628075826E+02
     3.0107868612E+02
     3.2304004006E+02
    -3.2366554813E+02
    -3.3569576681E+02
    -3.4357283213E+02
    -3.4704889016E+02
    -3.4597052971E+02
    -3.4027969185E+02
    -3.3001207407E+02
    -3.1529316102E+02
    -2.9633208609E+02
    -2.7341359225E+02
    -2.4688841361E+02
    -2.1716243952E+02
    -1.8468504994E+02
    -1.4993702250E+02
    -1.1341840911E+02
    -7.5636762640E+01
    -3.7096064025E+01
     1.7133425397E+00
     4.0323550469E+01
     7.8296431979E+01
     1.1522938861E+02
     1.5075944743E+02
     1.8456570605E+02
     2.1637019385E+02
     2.4593727491E+02
     2.7307176955E+02
     2.9761601269E+02
    -3.4961216897E+02
    -3.5946503660E+02
    -3.6498460582E+02
    -3.6599331208E+02
    -3.6240711409E+02
    -3.5423434289E+02
    -3.4157219659E+02
    -3.2460107393E+02
    -3.0357700432E+02
    -2.7882248592E+02
    -2.5071608508E+02
    -2.1968117859E+02
    -1.8617423369E+02
    -1.5067301952E+02
    -1.1366512850E+02
    -7.5637156755E+01
    -3.7064851871E+01
     1.5955149653E+00
     3.9914354634E+01
     7.7494410137E+01
     1.1397478490E+02
     1.4903335035E+02
     1.8238759813E+02
     2.1379406164E+02
     2.4304648324E+02
     2.6997294578E+02
    -3.7139955304E+02
    -3.7908538172E+02
    -3.8232125879E+02
    -3.8099737807E+02
    -3.7509467424E+02
    -3.6468177664E+02
    -3.4990981564E+02
    -3.3100532795E+02
    -3.0826156235E+02
    -2.8202852962E+02
    -2.5270217046E+02
    -2.2071302952E+02
    -1.8651482496E+02
    -1.5057328825E+02
    -1.1335562225E+02
    -7.5320885185E+01
    -3.6911558632E+01
     1.4535010105E+00
     3.9384591922E+01
     7.6525108515E+01
     1.1255389400E+02
     1.4718606722E+02
     1.8017244705E+02
     2.1129774979E+02
     2.4037777845E+02
    -3.8903982191E+02
    -3.9462358793E+02
    -3.9570149883E+02
    -3.9222723437E+02
    -3.8424073977E+02
    -3.7186350242E+02
    -3.5529193585E+02
    -3.3478916144E+02
    -3.1067552212E+02
    -2.8331819265E+02
    -2.5312026798E+02
    -2.2050971293E+02
    -1.8592854428E+02
    -1.4982259063E+02
    -1.1263213685E+02
    -7.4783711481E+01
    -3.6683217843E+01
     1.2894534619E+00
     3.8784259727E+01
     7.5483285174E+01
     1.1110152508E+02
     1.4538629639E+02
     1.7811544943E+02
     2.0909459896E+02
    -4.0265368940E+02
    -4.0625158030E+02
    -4.0534401088E+02
    -3.9994230856E+02
    -3.9013811942E+02
    -3.7609727092E+02
    -3.5805203534E+02
    -3.3629211764E+02
    -3.1115472327E+02
    -2.8301407909E+02
    -2.5227078445E+02
    -2.1934135858E+02
    -1.8464832621E+02
    -1.4861114701E+02
    -1.1163824636E+02
    -7.4120349427E+01
    -3.6425257648E+01
     1.1058591133E+00
     3.8160648622E+01
     7.4456299358E+01
     1.0973892013E+02
     1.4378174934E+02
     1.7638241152E+02
    -4.1246360031E+02
    -4.1423789849E+02
    -4.1155744474E+02
    -4.0448403636E+02
    -3.9315263643E+02
    -3.7776412146E+02
    -3.5857675138E+02
    -3.3589670731E+02
    -3.1006806166E+02
    -2.8146255027E+02
    -2.5046950707E+02
    -2.1748629921E+02
    -1.8290956553E+02
    -1.4712751514E+02
    -1.1051348822E+02
    -7.3420919348E+01
    -3.6179778611E+01
     9.0550106778E-01
     3.7556666859E+01
     7.3520976547E+01
     1.0856938804E+02
     1.4249382453E+02
    -4.1878354517E+02
    -4.1893602661E+02
    -4.1472748649E+02
    -4.0626194396E+02
    -3.9370852483E+02
    -3.7729341850E+02
    -3.5729089555E+02
    -3.3401374141E+02
    -3.0780346741E+02
    -2.7902065346E+02
    -2.4803575535E+02
    -2.1522067612E+02
    -1.8094135676E+02
    -1.4555158773E+02
    -1.0938818254E+02
    -7.2767590159E+01
    -3.5983956885E+01
     6.9141654908E-01
     3.7009337570E+01
     7.2740873615E+01
     1.0767460851E+02
    -4.2200590780E+02
    -4.2076998475E+02
    -4.1530146313E+02
    -4.0573756855E+02
    -3.9227199202E+02
    -3.7514639447E+02
    -3.5464131554E+02
    -3.3106683957E+02
    -3.0475336528E+02
    -2.7604280675E+02
    -2.4528052087E+02
    -2.1280821400E+02
    -1.7895802839E+02
    -1.4404794966E+02
    -1.0837861336E+02
    -7.2231523085E+01
    -3.5868628314E+01
     4.6685086029E-01
     3.6548519398E+01
     7.2164037081E+01
    -4.2258580297E+02
    -4.2021768177E+02
    -4.1377101309E+02
    -4.0340677255E+02
    -3.8933351472E+02
    -3.7179876612E+02
    -3.5108015942E+02
    -3.2747664744E+02
    -3.0130011766E+02
    -2.7286769794E+02
    -2.4249500242E+02
    -2.1049051668E+02
    -1.7715126281E+02
    -1.4275982335E+02
    -1.0758273789E+02
    -7.1870222690E+01
    -3.5857102849E+01
     2.3520818833E-01
     3.6195893520E+01
    -4.2102344620E+02
    -4.1779260452E+02
    -4.1065342068E+02
    -3.9978106115E+02
    -3.8538947809E+02
    -3.6772302260E+02
    -3.4704811783E+02
    -3.2364530548E+02
    -2.9780195025E+02
    -2.6980584758E+02
    -2.3993993075E+02
    -2.0847821721E+02
    -1.7568307305E+02
    -1.4180381064E+02
    -1.0707657160E+02
    -7.1725386873E+01
    -3.5964250848E+01
     6.1390375607E-14
    -4.1784516392E+02
    -4.1402447454E+02
    -4.0647225709E+02
    -3.9536854590E+02
    -3.8092378923E+02
    -3.6337099389E+02
    -3.4295821983E+02
    -3.1994170255E+02
    -2.9457984381E+02
    -2.6712826324E+02
    -2.3783604907E+02
    -2.0694328619E+02
    -1.7467987752E+02
    -1.4126561213E+02
    -1.0691137395E+02
    -7.1821330419E+01
    -3.6195893520E+01
    -4.1358369789E+02
    -4.0943953781E+02
    -4.0173799349E+02
    -3.9065520843E+02
    -3.7639009646E+02
    -3.5915729811E+02
    -3.3918073841E+02
    -3.1668802014E+02
    -2.9190584162E+02
    -2.6505657412E+02
    -2.3635607648E+02
    -2.0601276261E+02
    -1.7422787668E+02
    -1.4119687157E+02
    -1.0711173199E+02
    -7.2164037081E+01
    -4.0875848101E+02
    -4.0454116449E+02
    -3.9692925198E+02
    -3.8608710739E+02
    -3.7219522456E+02
    -3.5544423529E+02
    -3.3602972347E+02
    -3.1414802902E+02
    -2.8999317378E+02
    -2.6375498470E+02
    -2.3561842987E+02
    -2.0576412261E+02
    -1.7436989064E+02
    -1.4161325402E+02
    -1.0767460851E+02
    -4.0385656163E+02
    -3.9979142481E+02
    -3.9247533757E+02
    -3.8205413876E+02
    -3.6868439377E+02
    -3.5252864562E+02
    -3.3375162380E+02
    -3.1251753909E+02
    -2.8898853683E+02
    -2.6332432324E+02
    -2.3568291997E+02
    -2.0622244523E+02
    -1.7510376660E+02
    -1.4249382453E+02
    -3.9931483088E+02
    -3.9559427246E+02
    -3.8874064986E+02
    -3.7887590612E+02
    -3.6612872906E+02
    -3.5063118226E+02
    -3.3251638771E+02
    -3.1191732986E+02
    -2.8896679332E+02
    -2.6379838924E+02
    -2.3654856915E+02
    -2.0735947286E+02
    -1.7638241152E+02
    -3.9550416214E+02
    -3.9228091197E+02
    -3.8601150853E+02
    -3.7679018459E+02
    -3.6471548717E+02
    -3.4988836592E+02
    -3.3241134717E+02
    -3.1238880354E+02
    -2.8992827285E+02
    -2.6514272524E+02
    -2.3815362633E+02
    -2.0909459896E+02
    -3.9271600580E+02
    -3.9009785098E+02
    -3.8448584336E+02
    -3.7594437332E+02
    -3.6454133591E+02
    -3.5034769305E+02
    -3.3343809449E+02
    -3.1389250942E+02
    -2.9179876710E+02
    -2.6725585498E+02
    -2.4037777845E+02
    -3.9115189813E+02
    -3.8919804599E+02
    -3.8426610147E+02
    -3.7639022853E+02
    -3.6560891525E+02
    -3.5196596462E+02
    -3.3551245818E+02
    -3.1630958990E+02
    -2.9443221884E+02
    -2.6997294578E+02
    -3.9091624298E+02
    -3.8963544433E+02
    -3.8535561395E+02
    -3.7808205691E+02
    -3.6782679725E+02
    -3.5461089217E+02
    -3.3846757834E+02
    -3.1944609829E+02
    -2.9761601269E+02
    -3.9201261264E+02
    -3.9136310829E+02
    -3.8765854527E+02
    -3.8087843036E+02
    -3.7101284561E+02
    -3.5806592550E+02
    -3.4205997578E+02
    -3.2304004006E+02
    -3.9434369370E+02
    -3.9423498472E+02
    -3.9098342657E+02
    -3.8454736234E+02
    -3.7490085875E+02
    -3.6203813589E+02
    -3.4597840625E+02
    -3.9771487868E+02
    -3.9801125843E+02
    -3.9505015043E+02
    -3.8877476770E+02
    -3.7915026809E+02
    -3.6616888396E+02
    -4.0184137931E+02
    -4.0236710497E+02
    -3.9950018664E+02
    -3.9317591505E+02
    -3.8335855829E+02
    -4.0635861668E+02
    -4.0690454167E+02
    -4.0390966783E+02
    -3.9730947822E+02
    -4.1083553105E+02
    -4.1116696976E+02
    -4.0780489524E+02
    -4.1479035397E+02
    -4.1465590794E+02
    -4.1770830096E+02
