     0.0000000000E+00
     4.0845746888E+01
     8.0883261636E+01
     1.1932612241E+02
     1.5543085093E+02
     1.8851671431E+02
     2.1798358570E+02
     2.4332731879E+02
     2.6415217427E+02
     2.8017993417E+02
     2.9125544990E+02
     2.9734848707E+02
     2.9855185168E+02
     2.9507590283E+02
     2.8723967356E+02
     2.7545892888E+02
     2.6023158576E+02
     2.4212100000E+02
     2.2173768728E+02
     1.9972008829E+02
     1.7671500936E+02
     1.5335837001E+02
     1.3025686793E+02
     1.0797113034E+02
     8.7000861169E+01
     6.7772417299E+01
     5.0629158242E+01
     3.5824813880E+01
     2.3520009348E+01
     1.3781977274E+01
     6.5873798459E+00
     1.8280598663E+00
    -6.8055534285E-01
    -1.1887575921E+00
     6.7024387693E-15
     0.0000000000E+00
     4.0913538023E+01
     8.1082559405E+01
     1.1971307055E+02
     1.5605083291E+02
     1.8940160744E+02
     2.1914957718E+02
     2.4477338333E+02
     2.6585928921E+02
     2.8211108183E+02
     2.9335642808E+02
     2.9954951933E+02
     3.0076995896E+02
     2.9721796910E+02
     2.8920611098E+02
     2.7714782357E+02
     2.6154318453E+02
     2.4296238192E+02
     2.2202745276E+02
     1.9939289256E+02
     1.7572576730E+02
     1.5168596558E+02
     1.2790721344E+02
     1.0497943857E+02
     8.3433016444E+01
     6.3725359315E+01
     4.6230223437E+01
     3.1230013582E+01
     1.8911259452E+01
     9.3633304407E+00
     2.5803465835E+00
    -1.5338617637E+00
    -3.1579915583E+00
    -2.5430366670E+00
     0.0000000000E+00
     4.1043794008E+01
     8.1397154532E+01
     1.2025456126E+02
     1.5684756552E+02
     1.9046561382E+02
     2.2047514673E+02
     2.4633638443E+02
     2.6761728682E+02
     2.8400426900E+02
     2.9530935986E+02
     3.0147360751E+02
     3.0256665753E+02
     2.9878255350E+02
     2.9043193006E+02
     2.7793088303E+02
     2.6178690447E+02
     2.4258236057E+02
     2.2095606291E+02
     1.9758353789E+02
     1.7315663207E+02
     1.4836310365E+02
     1.2386684037E+02
     1.0028931372E+02
     7.8192829380E+01
     5.8066066201E+01
     4.0312312844E+01
     2.5240716726E+01
     1.3060755783E+01
     3.8800346942E+00
    -2.2946034338E+00
    -5.5527674032E+00
    -6.0732306175E+00
     0.0000000000E+00
     4.1226055761E+01
     8.1801365898E+01
     1.2090546408E+02
     1.5775292473E+02
     1.9161487883E+02
     2.2183887560E+02
     2.4786647462E+02
     2.6924802718E+02
     2.8565419815E+02
     2.9688388640E+02
     3.0286831891E+02
     3.0367121810E+02
     2.9948506807E+02
     2.9062363022E+02
     2.7751097723E+02
     2.6066742306E+02
     2.4069282185E+02
     2.1824778722E+02
     1.9403344355E+02
     1.6877035969E+02
     1.4317733315E+02
     1.1795068846E+02
     9.3744726932E+01
     7.1153919000E+01
     5.0697364942E+01
     3.2805968723E+01
     1.7812675059E+01
     5.9460152758E+00
    -2.6729034572E+00
    -8.0299446918E+00
    -1.0214116957E+01
     0.0000000000E+00
     4.1445111734E+01
     8.2260557476E+01
     1.2160819215E+02
     1.5868365663E+02
     1.9273867106E+02
     2.2310171498E+02
     2.4919644950E+02
     2.7055731068E+02
     2.8684179564E+02
     2.9783907100E+02
     3.0347465255E+02
     3.0381103231E+02
     2.9904425913E+02
     2.8949660851E+02
     2.7560560044E+02
     2.5790973881E+02
     2.3703144636E+02
     2.1365775405E+02
     1.8851936916E+02
     1.6236879092E+02
     1.3595816513E+02
     1.1001756868E+02
     8.5234392673E+01
     6.2234448576E+01
     4.1565358555E+01
     2.3682710100E+01
     8.9393598099E+00
    -2.4218353571E+00
    -1.0271695168E+01
    -1.4594755220E+01
     0.0000000000E+00
     4.1681552018E+01
     8.2732401402E+01
     1.2229480494E+02
     1.5954442173E+02
     1.9371343823E+02
     2.2411208882E+02
     2.5014789724E+02
     2.7134203813E+02
     2.8734231198E+02
     2.9793233693E+02
     3.0303668327E+02
     3.0272180767E+02
     2.9719277880E+02
     2.8678592050E+02
     2.7195762754E+02
     2.5326972907E+02
     2.3137188149E+02
     2.0698156290E+02
     1.8086231175E+02
     1.5380090228E+02
     1.2658417549E+02
     9.9976247902E+01
     7.4696800131E+01
     5.1401104743E+01
     3.0662389831E+01
     1.2957052901E+01
    -1.3468575614E+00
    -1.1997585089E+01
    -1.8863843293E+01
     0.0000000000E+00
     4.1912477201E+01
     8.3168426199E+01
     1.2288949767E+02
     1.6023129541E+02
     1.9440735375E+02
     2.2471148619E+02
     2.5053780051E+02
     2.7139775157E+02
     2.8693369880E+02
     2.9692854920E+02
     3.0131119282E+02
     3.0015757368E+02
     2.9368737880E+02
     2.8225646801E+02
     2.6634530190E+02
     2.4654375092E+02
     2.2353278122E+02
     1.9806360789E+02
     1.7093498229E+02
     1.4296933343E+02
     1.1498851362E+02
     8.7789903782E+01
     6.2123615432E+01
     3.8671483998E+01
     1.8028483991E+01
     6.8711304791E-01
    -1.2974808630E+01
    -2.2702590547E+01
     0.0000000000E+00
     4.2112337599E+01
     8.3515796954E+01
     1.2331139200E+02
     1.6063560410E+02
     1.9468519788E+02
     2.2474035084E+02
     2.5018536366E+02
     2.7052629623E+02
     2.8540497414E+02
     2.9460892758E+02
     2.9807695623E+02
     2.9590015423E+02
     2.8831837516E+02
     2.7571226227E+02
     2.5859110992E+02
     2.3757695322E+02
     2.1338540061E+02
     1.8680382414E+02
     1.5866760188E+02
     1.2983516379E+02
     1.0116262453E+02
     7.3478793516E+01
     4.7561334183E+01
     2.4114800998E+01
     3.7512170760E+00
    -1.3026231801E+01
    -2.5835915207E+01
     0.0000000000E+00
     4.2253874028E+01
     8.3719266218E+01
     1.2347753189E+02
     1.6064796525E+02
     1.9441340509E+02
     2.2404406516E+02
     2.4891883012E+02
     2.6854333977E+02
     2.8256428774E+02
     2.9077948353E+02
     2.9314336302E+02
     2.8976777927E+02
     2.8091805656E+02
     2.6700444201E+02
     2.4856923504E+02
     2.2627001147E+02
     2.0085948109E+02
     1.7316262162E+02
     1.4405181494E+02
     1.1442077022E+02
     8.5158052320E+01
     5.7121040496E+01
     3.1111123269E+01
     7.8508899401E+00
    -1.2035989758E+01
    -2.8041597273E+01
     0.0000000000E+00
     4.2309127746E+01
     8.3723228515E+01
     1.2330598160E+02
     1.6016239199E+02
     1.9346510421E+02
     2.2247882235E+02
     2.4658205494E+02
     2.6528548923E+02
     2.7824640791E+02
     2.8527868947E+02
     2.8635807505E+02
     2.8162253750E+02
     2.7136774497E+02
     2.5603776813E+02
     2.3621133157E+02
     2.1258405053E+02
     1.8594722034E+02
     1.5716383303E+02
     1.2714258039E+02
     9.6810663032E+01
     6.7086258434E+01
     3.8851506801E+01
     1.2926852229E+01
    -9.9524717665E+00
    -2.9157096429E+01
     0.0000000000E+00
     4.2250484803E+01
     8.3473807709E+01
     1.2271891897E+02
     1.5908032092E+02
     1.9172497720E+02
     2.1991718424E+02
     2.4304060546E+02
     2.6061675990E+02
     2.7231937102E+02
     2.7798411497E+02
     2.7761345555E+02
     2.7137641133E+02
     2.5960326263E+02
     2.4277536809E+02
     2.2151041618E+02
     1.9654358158E+02
     1.6870518569E+02
     1.3889556910E+02
     1.0805797049E+02
     7.7150265855E+01
     4.7116454816E+01
     1.8858784402E+01
    -6.7886240432E+00
    -2.9083831390E+01
     0.0000000000E+00
     4.2051718816E+01
     8.2920905267E+01
     1.2164561752E+02
     1.5731442413E+02
     1.8909376887E+02
     2.1625313247E+02
     2.3818717907E+02
     2.5443417191E+02
     2.6469006277E+02
     2.6881779890E+02
     2.6685154526E+02
     2.5899568307E+02
     2.4561861368E+02
     2.2724156261E+02
     2.0452273822E+02
     1.7823734718E+02
     1.4925409948E+02
     1.1850894607E+02
     8.6976878058E+01
     5.5642674944E+01
     2.5471520093E+01
    -2.6195981951E+00
    -2.7788810175E+01
     0.0000000000E+00
     4.1688996208E+01
     8.2020138722E+01
     1.2002521402E+02
     1.5479207354E+02
     1.8549229145E+02
     2.1140643806E+02
     2.3194614988E+02
     2.4667227977E+02
     2.5530853671E+02
     2.5775016984E+02
     2.5406741072E+02
     2.4450355657E+02
     2.2946774890E+02
     2.0952267215E+02
     1.8536755911E+02
     1.5781703918E+02
     1.2777649741E+02
     9.6214722159E+01
     6.4134703561E+01
     3.2543501879E+01
     2.4221315639E+00
    -2.5303596581E+01
     0.0000000000E+00
     4.1141809156E+01
     8.0734603269E+01
     1.1780916601E+02
     1.5145833748E+02
     1.8086478479E+02
     2.0532619717E+02
     2.2427708564E+02
     2.3730647634E+02
     2.4417091810E+02
     2.4480237579E+02
     2.3931074533E+02
     2.2798089926E+02
     2.1126434734E+02
     1.8976576938E+02
     1.6422484140E+02
     1.3549392641E+02
     1.0451233272E+02
     7.2277950830E+01
     3.9817162513E+01
     8.1539688147E+00
    -2.1720693482E+01
     0.0000000000E+00
     4.0393803955E+01
     7.9036395420E+01
     1.1496331367E+02
     1.4727840507E+02
     1.7518151499E+02
     1.9799340930E+02
     2.1517711122E+02
     2.2635495428E+02
     2.3132078921E+02
     2.3004693871E+02
     2.2268566264E+02
     2.0956507298E+02
     1.9117961600E+02
     1.6817541350E+02
     1.4133091974E+02
     1.1153350026E+02
     7.9752669039E+01
     4.7010826107E+01
     1.4352417089E+01
    -1.7187515297E+01
     0.0000000000E+00
     3.9433476013E+01
     7.6907845641E+01
     1.1146947412E+02
     1.4223935364E+02
     1.6844051997E+02
     1.8942250655E+02
     2.0468203402E+02
     2.1387925340E+02
     2.1684900381E+02
     2.1360670570E+02
     2.0434868306E+02
     1.8944688736E+02
     1.6943817569E+02
     1.4500847071E+02
     1.1697229407E+02
     8.6248313352E+01
     5.3831669711E+01
     2.0763956469E+01
    -1.1898207007E+01
     0.0000000000E+00
     3.8254707198E+01
     7.4342416774E+01
     1.0732651203E+02
     1.3635119633E+02
     1.6066843932E+02
     1.7966177802E+02
     1.9286618856E+02
     1.9998337048E+02
     2.0089193175E+02
     1.9565212702E+02
     1.8450497639E+02
     1.6786577279E+02
     1.4631216664E+02
     1.2056719048E+02
     9.1477749384E+01
     5.9989247958E+01
     2.7117149041E+01
    -6.0836426628E+00
     0.0000000000E+00
     3.6857126603E+01
     7.1345236370E+01
     1.0255084807E+02
     1.2964717163E+02
     1.5192039708E+02
     1.6879267115E+02
     1.7984100132E+02
     1.8481145699E+02
     1.8362818811E+02
     1.7639694772E+02
     1.6340298185E+02
     1.4510333101E+02
     1.2211376762E+02
     9.5190766200E+01
     6.5209063102E+01
     3.3135504377E+01
    -2.2722274339E-13
     0.0000000000E+00
     3.5246281805E+01
     6.7933243466E+01
     9.7176385914E+01
     1.2218326248E+02
     1.4227893800E+02
     1.5692798997E+02
     1.6575232006E+02
     1.6854417798E+02
     1.6527395261E+02
     1.5609245349E+02
     1.4132758249E+02
     1.2147547605E+02
     9.7186376483E+01
     6.9245660499E+01
     3.8550609401E+01
     6.0836426628E+00
     0.0000000000E+00
     3.3433614089E+01
     6.4134943459E+01
     9.1253858308E+01
     1.1403695840E+02
     1.3185205027E+02
     1.4420904738E+02
     1.5077659413E+02
     1.5139385114E+02
     1.4607703330E+02
     1.3502046093E+02
     1.1859206003E+02
     9.7323426680E+01
     7.1894745386E+01
     4.3115017491E+01
     1.1898207007E+01
     0.0000000000E+00
     3.1436237796E+01
     5.9989778029E+01
     8.4849612246E+01
     1.0530530018E+02
     1.2077033858E+02
     1.3080186468E+02
     1.3511603104E+02
     1.3359852628E+02
     1.2630987081E+02
     1.1348528458E+02
     9.5529097624E+01
     7.3003850085E+01
     4.6614399640E+01
     1.7187515297E+01
     0.0000000000E+00
     2.9276530606E+01
     5.5547130149E+01
     7.8043872648E+01
     9.6102270858E+01
     1.0918344025E+02
     1.1689254349E+02
     1.1899288981E+02
     1.1541520180E+02
     1.0626171588E+02
     9.1804948414E+01
     7.2481130460E+01
     4.8878485828E+01
     2.1720693482E+01
     0.0000000000E+00
     2.6981547988E+01
     5.0864996643E+01
     7.0928541452E+01
     8.6555619027E+01
     9.7255803190E+01
     1.0268196371E+02
     1.0264310060E+02
     9.7112403907E+01
     8.6230240906E+01
     7.0301934816E+01
     4.9790366425E+01
     2.5303596581E+01
     0.0000000000E+00
     2.4582281044E+01
     4.6008372055E+01
     6.3604604967E+01
     7.6803219857E+01
     8.5161965807E+01
     8.8379983911E+01
     8.6309423310E+01
     7.8962376060E+01
     6.6512865410E+01
     4.9293780198E+01
     2.7788810175E+01
     0.0000000000E+00
     2.2112782283E+01
     4.1047397433E+01
     5.6179235638E+01
     6.6989094931E+01
     7.3081496336E+01
     7.4199337736E+01
     7.0234373640E+01
     6.1233139707E+01
     4.7398085425E+01
     2.9083831390E+01
     0.0000000000E+00
     1.9609188397E+01
     3.6055335631E+01
     4.8762684789E+01
     5.7259223652E+01
     6.1193760364E+01
     6.0349430002E+01
     5.4653152719E+01
     4.4180691418E+01
     2.9157096429E+01
     0.0000000000E+00
     1.7108672573E+01
     3.1106440667E+01
     4.1465070065E+01
     4.7757286103E+01
     4.9672691449E+01
     4.7030239954E+01
     3.9786816814E+01
     2.8041597273E+01
     0.0000000000E+00
     1.4648361341E+01
     2.6273792280E+01
     3.4393164897E+01
     3.8620479634E+01
     3.8681739583E+01
     3.4426535334E+01
     2.5835915207E+01
     0.0000000000E+00
     1.2264252118E+01
     2.1627168063E+01
     2.7647297304E+01
     2.9975548966E+01
     2.8369166269E+01
     2.2702590547E+01
     0.0000000000E+00
     9.9901676383E+00
     1.7231024276E+01
     2.1318461622E+01
     2.1935162432E+01
     1.8863843293E+01
     0.0000000000E+00
     7.8567822078E+00
     1.3142652786E+01
     1.5485739628E+01
     1.4594755220E+01
     0.0000000000E+00
     5.8907522857E+00
     9.4105756309E+00
     1.0214116957E+01
     0.0000000000E+00
     4.1139803729E+00
     6.0732306175E+00
     0.0000000000E+00
     2.5430366670E+00
     0.0000000000E+00
