     0.0000000000E+00
     3.8913623718E+00
     1.5242601438E+01
     3.3106115030E+01
     5.5971085541E+01
     8.1861831598E+01
     1.0846692215E+02
     1.3329110272E+02
     1.5382066634E+02
     1.6769205337E+02
     1.7285323640E+02
     1.6770785362E+02
     1.5123307129E+02
     1.2306372360E+02
     8.3537300173E+01
     3.3696707538E+01
    -2.4749722675E+01
    -8.9508921634E+01
    -1.5781994497E+02
    -2.2660028823E+02
    -2.9261313950E+02
    -3.5264576503E+02
    -4.0368852457E+02
    -4.4310394319E+02
    -4.6877583277E+02
    -4.7922962262E+02
    -4.7371675766E+02
    -4.5225815006E+02
    -4.1564409995E+02
    -3.6539068541E+02
    -3.0365520677E+02
    -2.3311570010E+02
    -1.5682166186E+02
    -7.8024825853E+01
     2.6655018868E-13
     0.0000000000E+00
     1.1609316749E+01
     3.0231125025E+01
     5.4561838037E+01
     8.2781308068E+01
     1.1266841390E+02
     1.4174360377E+02
     1.6742965432E+02
     1.8722076553E+02
     1.9884957004E+02
     2.0044172709E+02
     1.9064848991E+02
     1.6874893965E+02
     1.3471538858E+02
     8.9237663379E+01
     3.3704450491E+01
    -2.9857527030E+01
    -9.8883186156E+01
    -1.7040194770E+02
    -2.4119610677E+02
    -3.0797547370E+02
    -3.6755804659E+02
    -4.1704608754E+02
    -4.5398722342E+02
    -4.7651106342E+02
    -4.8343326849E+02
    -4.7432093424E+02
    -4.4951544448E+02
    -4.1011147815E+02
    -3.5789345687E+02
    -2.9523324648E+02
    -2.2495522223E+02
    -1.5017673538E+02
    -7.4133463481E+01
     0.0000000000E+00
     1.9133963809E+01
     4.4715431779E+01
     7.5105049351E+01
     1.0820159425E+02
     1.4157303718E+02
     1.7261033932E+02
     1.9869459067E+02
     2.1736724641E+02
     2.2649299262E+02
     2.2440518198E+02
     2.1002480041E+02
     1.8294549577E+02
     1.4347922559E+02
     9.2659439709E+01
     3.2201264227E+01
    -3.5579258826E+01
    -1.0788235288E+02
    -1.8157138453E+02
    -2.5334091241E+02
    -3.1989609131E+02
    -3.7813291263E+02
    -4.2530868968E+02
    -4.5919275945E+02
    -4.7818853660E+02
    -4.8141975180E+02
    -4.6877583277E+02
    -4.4091381401E+02
    -3.9921674562E+02
    -3.4571115564E+02
    -2.8294854978E+02
    -2.1385806101E+02
    -1.4157906042E+02
     0.0000000000E+00
     2.6339762653E+01
     5.8453200409E+01
     9.4390624817E+01
     1.3180237771E+02
     1.6808336642E+02
     2.0053576935E+02
     2.2654000213E+02
     2.4372349437E+02
     2.5011692013E+02
     2.4428824613E+02
     2.2544626801E+02
     1.9350711769E+02
     1.4911943555E+02
     9.3646375912E+01
     2.9105205141E+01
    -4.1932199254E+01
    -1.1647228489E+02
    -1.9125851469E+02
    -2.6294657000E+02
    -3.2828581950E+02
    -3.8429641382E+02
    -4.2843161148E+02
    -4.5871580991E+02
    -4.7385019517E+02
    -4.7327984821E+02
    -4.5721843862E+02
    -4.2662916086E+02
    -3.8316317092E+02
    -3.2905930670E+02
    -2.6701117110E+02
    -2.0000958507E+02
     0.0000000000E+00
     3.3106115030E+01
     7.1213686979E+01
     1.1209295662E+02
     1.5318235393E+02
     1.9174430313E+02
     2.2503435332E+02
     2.5047336144E+02
     2.6581222922E+02
     2.6927910631E+02
     2.5969999344E+02
     2.3658525198E+02
     2.0017655395E+02
     1.5145116882E+02
     9.2083036397E+01
     2.4362666595E+01
    -4.8919620711E+01
    -1.2462039763E+02
    -1.9941124960E+02
    -2.6995849923E+02
    -3.3310400893E+02
    -3.8603646259E+02
    -4.2644308573E+02
    -4.5263292466E+02
    -4.6362449829E+02
    -4.5919275945E+02
    -4.3987272798E+02
    -4.0691973977E+02
    -3.6222883835E+02
    -3.0821826383E+02
    -2.4768412123E+02
     0.0000000000E+00
     3.9319236600E+01
     8.2781308068E+01
     1.2791101534E+02
     1.7197472879E+02
     2.1214508610E+02
     2.4567396594E+02
     2.7006325702E+02
     2.8322303516E+02
     2.8360748273E+02
     2.7032019233E+02
     2.4318231073E+02
     2.0275919176E+02
     1.5034370427E+02
     8.7896934255E+01
     1.7949572916E+01
    -5.6530359471E+01
    -1.3229578252E+02
    -2.0599558310E+02
    -2.7435615669E+02
    -3.3435882174E+02
    -3.8340270778E+02
    -4.1944358282E+02
    -4.4110052145E+02
    -4.4772423628E+02
    -4.3942318511E+02
    -4.1704608754E+02
    -3.8212208489E+02
    -3.3676230084E+02
    -2.8352885381E+02
     0.0000000000E+00
     4.4873924326E+01
     9.2958992813E+01
     1.4157303718E+02
     1.8785294076E+02
     2.2892571569E+02
     2.6208267818E+02
     2.8494619302E+02
     2.9561886896E+02
     2.9280610847E+02
     2.7590448858E+02
     2.4505047828E+02
     2.0112636186E+02
     1.4572279261E+02
     8.1059994954E+01
     9.8721084024E+00
    -6.4738625461E+01
    -1.3946932418E+02
    -2.1099576706E+02
    -2.7615302203E+02
    -3.3210679978E+02
    -3.7650549365E+02
    -4.0760402096E+02
    -4.2435227121E+02
    -4.2644308573E+02
    -4.1431711604E+02
    -3.8912448626E+02
    -3.5264576503E+02
    -3.0717717780E+02
     0.0000000000E+00
     4.9675193038E+01
     1.0157125269E+02
     1.5284076498E+02
     2.0053576935E+02
     2.4178260357E+02
     2.7395461939E+02
     2.9483235190E+02
     3.0274144654E+02
     2.9665995498E+02
     2.7628842576E+02
     2.4207842836E+02
     1.9521762860E+02
     1.3757212729E+02
     7.1589329129E+01
     1.6696888821E-01
    -7.3504053402E+01
    -1.4611381093E+02
    -2.1441423127E+02
    -2.7539608957E+02
    -3.2645172088E+02
    -3.6551392002E+02
    -3.9116292937E+02
    -4.0269533258E+02
    -4.0015095803E+02
    -3.8429641382E+02
    -3.5656647295E+02
    -3.1896704733E+02
     0.0000000000E+00
     5.3639756213E+01
     1.0846692215E+02
     1.6151317811E+02
     2.0979175188E+02
     2.5047336144E+02
     2.8105483065E+02
     2.9951023133E+02
     3.0441542522E+02
     2.9503845239E+02
     2.7139024093E+02
     2.3423247689E+02
     1.8504202921E+02
     1.2593391928E+02
     5.9547301440E+01
    -1.1098869248E+01
    -8.2771995823E+01
    -1.5220403795E+02
    -2.1627124986E+02
    -2.7216487436E+02
    -3.1754276148E+02
    -3.5065303406E+02
    -3.7042260840E+02
    -3.7650549365E+02
    -3.6928821234E+02
    -3.4985225917E+02
    -3.1989609131E+02
     0.0000000000E+00
     5.6697328360E+01
     1.1352152838E+02
     1.6742965432E+02
     2.1544284091E+02
     2.5482065558E+02
     2.8322303516E+02
     2.9885008416E+02
     3.0055131736E+02
     2.8789774251E+02
     2.6121239217E+02
     2.2155739125E+02
     1.7067824232E+02
     1.1090856573E+02
     4.5040893214E+01
    -2.3828860364E+01
    -9.2474054718E+01
    -1.5771690291E+02
    -2.1660436045E+02
    -2.6656994871E+02
    -3.0557199459E+02
    -3.3220019720E+02
    -3.4574434568E+02
    -3.4622129522E+02
    -3.3435882174E+02
    -3.1153756926E+02
     0.0000000000E+00
     5.8791729114E+01
     1.1663925378E+02
     1.7047251528E+02
     2.1736724641E+02
     2.5471506800E+02
     2.8037626752E+02
     2.9280610847E+02
     2.9114709002E+02
     2.7528160330E+02
     2.4584179364E+02
     2.0417599302E+02
     1.5227368193E+02
     9.2653416470E+01
     2.8220367352E+01
    -3.7898071497E+01
    -1.0252884491E+02
    -1.6263149364E+02
    -2.1546754600E+02
    -2.5875103236E+02
    -2.9077126189E+02
    -3.1048068298E+02
    -3.1754276148E+02
    -3.1233722544E+02
    -2.9592259637E+02
     0.0000000000E+00
     5.9881772170E+01
     1.1775446129E+02
     1.7056891659E+02
     2.1550141898E+02
     2.5011692013E+02
     2.7251032151E+02
     2.8141735355E+02
     2.7628842576E+02
     2.5732102980E+02
     2.2544875362E+02
     1.8228755907E+02
     1.3004252954E+02
     7.1380655867E+01
     9.2772546653E+00
    -5.3154818118E+01
    -1.1284297859E+02
    -1.6692916741E+02
    -2.1293019250E+02
    -2.4887466623E+02
    -2.7340846808E+02
    -2.8586257351E+02
    -2.8627936980E+02
    -2.7539608957E+02
     0.0000000000E+00
     5.9941925421E+01
     1.1683275907E+02
     1.6769205337E+02
     2.0984114367E+02
     2.4105703092E+02
     2.5969999344E+02
     2.6480732737E+02
     2.5614763949E+02
     2.3423247689E+02
     2.0028463065E+02
     1.5616504431E+02
     1.0426273322E+02
     4.7354331161E+01
    -1.1558308845E+01
    -6.9422729879E+01
    -1.2331225704E+02
    -1.7059362168E+02
    -2.0907583932E+02
    -2.3713150568E+02
    -2.5378335462E+02
    -2.5875103236E+02
    -2.5245545327E+02
     0.0000000000E+00
     5.8962732171E+01
     1.1387158823E+02
     1.6186166277E+02
     2.0044172709E+02
     2.2763639719E+02
     2.4209811695E+02
     2.4318231073E+02
     2.3098126715E+02
     2.0631478981E+02
     1.7067824232E+02
     1.2615116717E+02
     7.5272018239E+01
     2.0886571414E+01
    -3.4020854309E+01
    -8.6503215934E+01
    -1.3382305238E+02
    -1.7361095590E+02
    -2.0400074191E+02
    -2.2373327505E+02
    -2.3222281729E+02
    -2.2958204144E+02
     0.0000000000E+00
     5.6950986902E+01
     1.0890032425E+02
     1.5314381531E+02
     1.8741727471E+02
     2.1002480041E+02
     2.1993340304E+02
     2.1682840290E+02
     2.0112636186E+02
     1.7394486799E+02
     1.3703108050E+02
     9.2653416470E+01
     4.3462968789E+01
    -7.6669464727E+00
    -5.7813413131E+01
    -1.0417829323E+02
    -1.4425385902E+02
    -1.7596972429E+02
    -1.9781226908E+02
    -2.0890943029E+02
    -2.0907583932E+02
     0.0000000000E+00
     5.3929662807E+01
     1.0197989060E+02
     1.4164999797E+02
     1.7093906883E+02
     1.8845836073E+02
     1.9350711769E+02
     1.8610734282E+02
     1.6699555321E+02
     1.3757212729E+02
     9.9811404514E+01
     5.6138054429E+01
     9.2772546653E+00
    -3.7912216680E+01
    -8.2611853562E+01
    -1.2221373564E+02
    -1.5447699209E+02
    -1.7766097926E+02
    -1.9062716002E+02
    -1.9290358069E+02
     0.0000000000E+00
     4.9937592083E+01
     9.3201889893E+01
     1.2753550254E+02
     1.5123307129E+02
     1.6323607468E+02
     1.6318864668E+02
     1.5145116882E+02
     1.2907094367E+02
     9.7711843896E+01
     5.9547301440E+01
     1.7123206136E+01
    -2.6800910282E+01
    -6.9422729879E+01
    -1.0806965561E+02
    -1.4036249665E+02
    -1.6436040755E+02
    -1.7867830527E+02
    -1.8256966764E+02
     0.0000000000E+00
     4.5028903698E+01
     8.2687265803E+01
     1.1099714340E+02
     1.2857658856E+02
     1.3471538858E+02
     1.2941001446E+02
     1.1335579700E+02
     8.7896934255E+01
     5.4937480188E+01
     1.6818817829E+01
    -2.3828860364E+01
    -6.4251979333E+01
    -1.0174581737E+02
    -1.3382305238E+02
    -1.5836835446E+02
    -1.7376961688E+02
    -1.7901784327E+02
     0.0000000000E+00
     3.9272227086E+01
     7.0584515636E+01
     9.2270339121E+01
     1.0329414926E+02
     1.0330687451E+02
     9.2659439709E+01
     7.2373615309E+01
     4.4072087682E+01
     9.8721084024E+00
    -2.7750718189E+01
    -6.6120146882E+01
    -1.0252884491E+02
    -1.3440941826E+02
    -1.5949646046E+02
    -1.7596972429E+02
    -1.8256966764E+02
     0.0000000000E+00
     3.2749673720E+01
     5.7067480597E+01
     7.1625601662E+01
     7.5752656408E+01
     6.9468089040E+01
     5.3474024830E+01
     2.9105205141E+01
    -1.7598481716E+00
    -3.6820938384E+01
    -7.3504053402E+01
    -1.0912590366E+02
    -1.4106505397E+02
    -1.6692916741E+02
    -1.8470811711E+02
    -1.9290358069E+02
     0.0000000000E+00
     2.5555611938E+01
     4.2332747038E+01
     4.9364486451E+01
     4.6355887610E+01
     3.3696707538E+01
     1.2431689888E+01
    -1.5809684487E+01
    -4.8919620711E+01
    -8.4448046549E+01
    -1.1975990310E+02
    -1.5220403795E+02
    -1.7928334259E+02
    -1.9881569706E+02
    -2.0907583932E+02
     0.0000000000E+00
     1.7795253511E+01
     2.6596697964E+01
     2.5815064325E+01
     1.5538426233E+01
    -3.4769620718E+00
    -2.9857527030E+01
    -6.1701773593E+01
    -9.6702710554E+01
    -1.3229578252E+02
    -1.6582323202E+02
    -1.9470481019E+02
    -2.1660436045E+02
    -2.2958204144E+02
     0.0000000000E+00
     9.5830733182E+00
     1.0092259365E+01
     1.3269839121E+00
    -1.6240884545E+01
    -4.1497972919E+01
    -7.2760671389E+01
    -1.0788235288E+02
    -1.4438997197E+02
    -1.7964167527E+02
    -2.1099576706E+02
    -2.3598067095E+02
    -2.5245545327E+02
     0.0000000000E+00
     1.0410860259E+00
    -6.9346093948E+00
    -2.3733800854E+01
    -4.8505865770E+01
    -7.9795119113E+01
    -1.1563143640E+02
    -1.5365369746E+02
    -1.9125851469E+02
    -2.2576515744E+02
    -2.5458658235E+02
    -2.7539608957E+02
     0.0000000000E+00
    -7.7029941458E+00
    -2.4228628026E+01
    -4.8990558265E+01
    -8.0770200005E+01
    -1.1778957509E+02
    -1.5781994497E+02
    -1.9831963478E+02
    -2.3659266217E+02
    -2.6995849923E+02
    -2.9592259637E+02
     0.0000000000E+00
    -1.6517682713E+01
    -4.1529054365E+01
    -7.4061477708E+01
    -1.1254479283E+02
    -1.5490366349E+02
    -1.9868260115E+02
    -2.4119610677E+02
    -2.7969482025E+02
    -3.1153756926E+02
     0.0000000000E+00
    -2.5269714052E+01
    -5.8573631583E+01
    -9.8565453516E+01
    -1.4334518703E+02
    -1.9056961869E+02
    -2.3759186186E+02
    -2.8162156586E+02
    -3.1989609131E+02
     0.0000000000E+00
    -3.3826060219E+01
    -7.5102563734E+01
    -1.2212786615E+02
    -1.7269891700E+02
    -2.2423821309E+02
    -2.7394578049E+02
    -3.1896704733E+02
     0.0000000000E+00
    -4.2055948870E+01
    -9.0862459371E+01
    -1.4438627305E+02
    -2.0015269200E+02
    -2.5538711537E+02
    -3.0717717780E+02
     0.0000000000E+00
    -4.9832849682E+01
    -1.0561018344E+02
    -1.6499592285E+02
    -2.2527929912E+02
    -2.8352885381E+02
     0.0000000000E+00
    -5.7036399152E+01
    -1.1911655900E+02
    -1.8363500929E+02
    -2.4768412123E+02
     0.0000000000E+00
    -6.3554234568E+01
    -1.3116986263E+02
    -2.0000958507E+02
     0.0000000000E+00
    -6.9283709317E+01
    -1.4157906042E+02
     0.0000000000E+00
    -7.4133463481E+01
     0.0000000000E+00
