     0.0000000000E+00
    -1.5434141869E+01
    -2.8602341001E+01
    -3.7400032207E+01
    -4.0035136458E+01
    -3.5159264919E+01
    -2.1970610747E+01
    -2.8186871844E-01
     2.9451316364E+01
     6.6143429458E+01
     1.0813317606E+02
     1.5327551783E+02
     1.9906621930E+02
     2.4279143038E+02
     2.8169324004E+02
     3.1314109647E+02
     3.3479856418E+02
     3.4477510555E+02
     3.4175342184E+02
     3.2508431744E+02
     2.9484297529E+02
     2.5184283522E+02
     1.9760581313E+02
     1.3429023145E+02
     6.4580393309E+01
    -8.4559332997E+00
    -8.1533889213E+01
    -1.5133204721E+02
    -2.1467647886E+02
    -2.6871749758E+02
    -3.1108860077E+02
    -3.4003815591E+02
    -3.5452596713E+02
    -3.5427892809E+02
    -3.3980238768E+02
    -3.1611252025E+01
    -4.6237354448E+01
    -5.7103152540E+01
    -6.2241716356E+01
    -6.0071004211E+01
    -4.9512115934E+01
    -3.0075670979E+01
    -1.9106712886E+00
     3.4187474063E+01
     7.6810559198E+01
     1.2401104254E+02
     1.7341109669E+02
     2.2234076205E+02
     2.6799688721E+02
     3.0761321121E+02
     3.3863120032E+02
     3.5886114301E+02
     3.6662353756E+02
     3.6086194875E+02
     3.4122019325E+02
     3.0807883868E+02
     2.6254843947E+02
     2.0641953741E+02
     1.4207206786E+02
     7.2349276294E+01
     4.0341417682E-01
    -7.0477783947E+01
    -1.3705364399E+02
    -1.9631133323E+02
    -2.4563415768E+02
    -2.8294736308E+02
    -3.0683273885E+02
    -3.1660516342E+02
    -3.1234648541E+02
    -6.3081114331E+01
    -7.6840649013E+01
    -8.5391256082E+01
    -8.6928296713E+01
    -8.0099144662E+01
    -6.4106852064E+01
    -3.8778836202E+01
    -4.5960479314E+00
     3.7319478217E+01
     8.5258219116E+01
     1.3701488040E+02
     1.9001284281E+02
     2.4145389844E+02
     2.8848424179E+02
     3.2836663310E+02
     3.5864821740E+02
     3.7731368922E+02
     3.8291433045E+02
     3.7466486566E+02
     3.5250199259E+02
     3.1710073923E+02
     2.6984733425E+02
     2.1276990276E+02
     1.4843085326E+02
     7.9787151147E+01
     1.0026636362E+01
    -5.7609981590E+01
    -1.2001091954E+02
    -1.7436810994E+02
    -2.1833457068E+02
    -2.5015495612E+02
    -2.6876147177E+02
    -2.7382939237E+02
    -9.4258958564E+01
    -1.0709532998E+02
    -1.1333670175E+02
    -1.1136347740E+02
    -1.0006905758E+02
    -7.8947478756E+01
    -4.8143470431E+01
    -8.4615579138E+00
     3.8666637078E+01
     9.1255163265E+01
     1.4687235836E+02
     2.0277887530E+02
     2.5608683334E+02
     3.0393047429E+02
     3.4363795240E+02
     3.7289376553E+02
     3.8988185523E+02
     3.9340053242E+02
     3.8294205718E+02
     3.5873181461E+02
     3.2172445641E+02
     2.7355697314E+02
     2.1646126735E+02
     1.5314125577E+02
     8.6621688955E+01
     2.0077608656E+01
    -4.3345440049E+01
    -1.0070973589E+02
    -1.4945159872E+02
    -1.8752554773E+02
    -2.1351775345E+02
    -2.2672196363E+02
    -1.2497620629E+02
    -1.3683049289E+02
    -1.4078267877E+02
    -1.3541886676E+02
    -1.1989220860E+02
    -9.3993290985E+01
    -5.8180875511E+01
    -1.3570834060E+01
     3.8116303795E+01
     9.4646221572E+01
     1.5339475891E+02
     2.1149752741E+02
     2.6601619475E+02
     3.1411137425E+02
     3.5321161105E+02
     3.8116815044E+02
     3.9638599767E+02
     3.9792318333E+02
     3.8555204867E+02
     3.5977864749E+02
     3.2181888660E+02
     2.7353264277E+02
     2.1731964184E+02
     1.5598321015E+02
     9.2569968681E+01
     3.0195016246E+01
    -2.8136950525E+01
    -7.9703861663E+01
    -1.2222150094E+02
    -1.5397239716E+02
    -1.7390061173E+02
    -1.5503865073E+02
    -1.6584593606E+02
    -1.6753892332E+02
    -1.5892779540E+02
    -1.3943618640E+02
    -1.0915331917E+02
    -6.8844998238E+01
    -1.9922546254E+01
     3.5628641877E+01
     9.5356766006E+01
     1.5648111137E+02
     2.1605111675E+02
     2.7111742588E+02
     3.1890456353E+02
     3.5697474341E+02
     3.8337282117E+02
     3.9674352123E+02
     3.9641372439E+02
     3.8243470420E+02
     3.5558161650E+02
     3.1731013205E+02
     2.6967270014E+02
     2.1519938288E+02
     1.5675035797E+02
     9.7348918312E+01
     4.0004996279E+01
    -1.2460166125E+01
    -5.7577629699E+01
    -9.3372771859E+01
    -1.1847711142E+02
    -1.8422027618E+02
    -1.9390678056E+02
    -1.9337702874E+02
    -1.8168121199E+02
    -1.5852109293E+02
    -1.2428314062E+02
    -8.0029610480E+01
    -2.7447917566E+01
     3.1238789285E+01
     9.3394560496E+01
     1.5611973044E+02
     2.1641718152E+02
     2.7136574390E+02
     3.1829022745E+02
     3.5491776192E+02
     3.7951093121E+02
     3.9096957734E+02
     3.8889503748E+02
     3.7361284678E+02
     3.4615245491E+02
     3.0818511136E+02
     2.6192361593E+02
     2.0998995145E+02
     1.5525877452E+02
     1.0068621735E+02
     4.9134359131E+01
     3.2020027380E+00
    -3.4927975508E+01
    -6.3615427784E+01
    -2.1225897894E+02
    -2.2074016636E+02
    -2.1802798673E+02
    -2.0342594460E+02
    -1.7691841211E+02
    -1.3918425995E+02
    -9.1568124483E+01
    -3.6010915579E+01
     2.5056335535E+01
     8.8848942383E+01
     1.5238713694E+02
     2.1266718306E+02
     2.6683468302E+02
     3.1234958133E+02
     3.4713286114E+02
     3.6968602871E+02
     3.7917612586E+02
     3.7548109822E+02
     3.5919275195E+02
     3.3157710778E+02
     2.9449455155E+02
     2.5028462790E+02
     2.0162247871E+02
     1.5135565961E+02
     1.0233127003E+02
     5.7223930966E+01
     1.8375103541E+01
    -1.2346439183E+01
    -2.3885451679E+02
    -2.4603430782E+02
    -2.4118219789E+02
    -2.2386552046E+02
    -1.9435250522E+02
    -1.5360616318E+02
    -1.0323610695E+02
    -4.5411144696E+01
     1.7262119694E+01
     8.1887371936E+01
     1.4544442004E+02
     2.0496275017E+02
     2.5769230626E+02
     3.0126115835E+02
     3.3381051848E+02
     3.5409893859E+02
     3.6156939832E+02
     3.5637524825E+02
     3.3936347872E+02
     3.1201638327E+02
     2.7635522145E+02
     2.3481180287E+02
     1.9007587290E+02
     1.4492765936E+02
     1.0206584978E+02
     6.3941553432E+01
     3.2608443216E+01
    -2.6366892253E+02
    -2.6944009562E+02
    -2.6249208966E+02
    -2.4266363421E+02
    -2.1050477703E+02
    -1.6725104655E+02
    -1.1475645382E+02
    -5.5389366988E+01
     8.1024505767E+00
     7.2749473860E+01
     1.3553118085E+02
     1.9354961339E+02
     2.4419523476E+02
     2.8529505952E+02
     3.1523411663E+02
     3.3304293670E+02
     3.3844582968E+02
     3.3186711279E+02
     3.1439501591E+02
     2.8770557536E+02
     2.5395127003E+02
     2.1562130779E+02
     1.7538220252E+02
     1.3590848798E+02
     9.9714020131E+01
     6.8994286035E+01
    -2.8632951602E+02
    -2.9057532671E+02
    -2.8157737221E+02
    -2.5945024650E+02
    -2.2502044941E+02
    -1.7978111624E+02
    -1.2580708657E+02
    -6.5635483041E+01
    -2.1190595298E+00
     6.1738777861E+01
     1.2295727227E+02
     1.7874944454E+02
     2.2668070162E+02
     2.6480535673E+02
     2.9177285387E+02
     3.0689734978E+02
     3.1018655242E+02
     3.0232821018E+02
     2.8463523744E+02
     2.5895299312E+02
     2.2753454358E+02
     1.9289169984E+02
     1.5763110133E+02
     1.2428553317E+02
     9.5150956555E+01
    -3.0643454042E+02
    -3.0903153405E+02
    -2.9803285258E+02
    -2.7383018624E+02
    -2.3751777338E+02
    -1.9082825319E+02
    -1.3603093410E+02
    -7.5798713571E+01
    -1.3051772582E+01
     4.9212441228E+01
     1.0809261836E+02
     1.6094987641E+02
     2.0555688928E+02
     2.4022088346E+02
     2.6387314515E+02
     2.7611974496E+02
     2.7725057091E+02
     2.6820632008E+02
     2.5050567703E+02
     2.2613734776E+02
     1.9742377095E+02
     1.6686506278E+02
     1.3697296207E+02
     1.1010515395E+02
    -3.2356133729E+02
    -3.2438327677E+02
    -3.1143861857E+02
    -2.8539402353E+02
    -2.4759940880E+02
    -2.0000574143E+02
    -1.4504787489E+02
    -8.5499640563E+01
    -2.4310064654E+01
     3.5569302772E+01
     9.1355454263E+01
     1.4059302786E+02
     1.8129185175E+02
     2.1203468363E+02
     2.3204874639E+02
     2.4123689733E+02
     2.4016675525E+02
     2.3001869557E+02
     2.1249615065E+02
     1.8970396652E+02
     1.6400252693E+02
     1.3784684144E+02
     1.1362071507E+02
    -3.3727686520E+02
    -3.3619964419E+02
    -3.2137229991E+02
    -2.9373088215E+02
    -2.5486560870E+02
    -2.0692167250E+02
    -1.5246823570E+02
    -9.4343696159E+01
    -3.5486716221E+01
     2.1236671834E+01
     7.3199374833E+01
     1.1816289901E+02
     1.5440135635E+02
     1.8079241660E+02
     1.9686985781E+02
     2.0283474396E+02
     1.9952481164E+02
     1.8834422210E+02
     1.7115827381E+02
     1.5015982447E+02
     1.2771590931E+02
     1.0620425743E+02
    -3.4715026208E+02
    -3.4405762675E+02
    -3.2742301977E+02
    -2.9844277179E+02
    -2.5892876396E+02
    -2.1119356560E+02
    -1.5790737860E+02
    -1.0193563112E+02
    -4.6167192731E+01
     6.6562968144E+00
     5.4099613422E+01
     9.4172028888E+01
     1.2543600187E+02
     1.4708003447E+02
     1.5895147730E+02
     1.6154754683E+02
     1.5596540070E+02
     1.4381464221E+02
     1.2709793967E+02
     1.0806740864E+02
     8.9065895315E+01
    -3.5276705620E+02
    -3.4755691791E+02
    -3.2920656771E+02
    -2.9915994677E+02
    -2.5942879876E+02
    -2.1246368595E+02
    -1.6100085927E+02
    -1.0789445426E+02
    -5.5944322705E+01
    -7.7300166624E+00
     3.4538992209E+01
     6.9147822344E+01
     9.4967980852E+01
     1.1151105650E+02
     1.1894128268E+02
     1.1804649561E+02
     1.1016958561E+02
     9.7104978940E+01
     8.0966843622E+01
     6.4037454740E+01
    -3.5374454858E+02
    -3.4633563675E+02
    -3.2638125921E+02
    -2.9555674038E+02
    -2.5604885898E+02
    -2.1041450486E+02
    -1.6141960896E+02
    -1.1186831151E+02
    -6.4432864811E+01
    -2.1494658060E+01
     1.4993990241E+01
     4.3618954587E+01
     6.3577853312E+01
     7.4713764603E+01
     7.7507321927E+01
     7.3027983757E+01
     6.2847798588E+01
     4.8923303173E+01
     3.3453158463E+01
    -3.4974782342E+02
    -3.4008640366E+02
    -3.1866389931E+02
    -2.8736728618E+02
    -2.4853070706E+02
    -2.0478372494E+02
    -1.5888458087E+02
    -1.1354876882E+02
    -7.1283457077E+01
    -3.4237861260E+01
    -4.0786343130E+00
     1.8102250361E+01
     3.1841687580E+01
     3.7318633255E+01
     3.5325782560E+01
     2.7201788420E+01
     1.4728517304E+01
    -2.8845607989E-13
    -3.4050579588E+02
    -3.2857216472E+02
    -3.0584524078E+02
    -2.7440052066E+02
    -2.3668922902E+02
    -1.9537829488E+02
    -1.5318030990E+02
    -1.1268397750E+02
    -7.6195460470E+01
    -4.5600299799E+01
    -2.2254255175E+01
    -6.9095894286E+00
     3.1890138733E-01
    -5.3711796462E-02
    -6.9309024051E+00
    -1.8720623603E+01
    -3.3453158463E+01
    -3.2582668017E+02
    -3.1164114431E+02
    -2.8780432226E+02
    -2.5655386563E+02
    -2.2042547285E+02
    -1.8208685919E+02
    -1.4416686225E+02
    -1.0909023319E+02
    -7.8928245010E+01
    -5.5274214447E+01
    -3.9151447193E+01
    -3.0959076339E+01
    -3.0458895724E+01
    -3.6803738821E+01
    -4.8605375876E+01
    -6.4037454740E+01
    -3.0561225635E+02
    -2.8924031232E+02
    -2.6452108828E+02
    -2.3382501579E+02
    -1.9973767206E+02
    -1.6489012978E+02
    -1.3178969800E+02
    -1.0266148941E+02
    -7.9310518087E+01
    -6.3012710889E+01
    -5.4441388169E+01
    -5.3633546855E+01
    -5.9997798330E+01
    -7.2363226406E+01
    -8.9065895315E+01
    -2.7987033246E+02
    -2.6142678120E+02
    -2.3608673255E+02
    -2.0632130377E+02
    -1.7472976261E+02
    -1.4386872630E+02
    -1.1608703327E+02
    -9.3376452367E+01
    -7.7247360042E+01
    -6.8636928778E+01
    -6.7855327433E+01
    -7.4573061770E+01
    -8.7850026777E+01
    -1.0620425743E+02
    -2.4872483936E+02
    -2.2837659940E+02
    -2.0271126561E+02
    -1.7426618322E+02
    -1.4561697515E+02
    -1.1920810921E+02
    -9.7194367910E+01
    -8.1302962412E+01
    -7.2724709137E+01
    -7.2040856736E+01
    -7.9189923339E+01
    -9.3476416729E+01
    -1.1362071507E+02
    -2.1242305709E+02
    -1.9039047855E+02
    -1.6472788721E+02
    -1.3800245497E+02
    -1.1272817332E+02
    -9.1200321173E+01
    -7.5345935901E+01
    -6.6599457506E+01
    -6.5811124148E+01
    -7.3193648652E+01
    -8.8310325716E+01
    -1.1010515395E+02
    -1.7133955321E+02
    -1.4789608174E+02
    -1.2259383967E+02
    -9.7991962379E+01
    -7.6504712017E+01
    -6.0242355173E+01
    -5.0872937199E+01
    -4.9513411634E+01
    -5.6656745090E+01
    -7.2139382006E+01
    -9.5150956555E+01
    -1.2597651134E+02
    -1.0144660484E+02
    -7.6887528243E+01
    -5.4811593582E+01
    -3.7495701995E+01
    -2.6831078949E+01
    -2.4198517090E+01
    -3.0376743184E+01
    -4.5489467805E+01
    -6.8994286035E+01
    -7.6960240415E+01
    -5.1715499810E+01
    -2.8301814021E+01
    -9.1455490969E+00
     3.6503141159E+00
     8.4452394471E+00
     4.1704308603E+00
    -9.5982915393E+00
    -3.2608443216E+01
    -2.5033777139E+01
     5.1268573650E-01
     2.2366489137E+01
     3.8226042581E+01
     4.6197148107E+01
     4.4918644408E+01
     3.3654453265E+01
     1.2346439183E+01
     2.8954377702E+01
     5.4355249867E+01
     7.4230754432E+01
     8.6441954304E+01
     8.9335969565E+01
     8.1856171051E+01
     6.3615427784E+01
     8.4065218290E+01
     1.0884782641E+02
     1.2633203415E+02
     1.3457780739E+02
     1.3220316794E+02
     1.1847711142E+02
     1.3928758999E+02
     1.6296406802E+02
     1.7765950069E+02
     1.8166669783E+02
     1.7390061173E+02
     1.9355952407E+02
     2.1563805130E+02
     2.2717332560E+02
     2.2672196363E+02
     2.4579202286E+02
     2.6578883104E+02
     2.7382939237E+02
     2.9489467290E+02
     3.1234648541E+02
     3.3980238768E+02
