     1.7098576931E+04
     1.4914042936E+02
    -1.1822746177E+02
    -9.0051989957E+02
     1.9557656864E+03
     2.9583971043E+03
     3.6568666277E+03
     3.9442632149E+03
     3.8026861374E+03
     3.2629536937E+03
     2.4000128535E+03
     1.3290984820E+03
     1.8714684022E+02
    -8.9372597170E+02
     1.8061072405E+03
     2.4721863210E+03
    -2.8364635841E+03
    -2.8558897506E+03
     2.4979918787E+03
     1.7579262920E+03
     7.1525159926E+02
    -3.2598341673E+02
     6.8605301244E+02
    -1.8279287454E+02
    -1.6231846722E+03
    -2.7067447689E+03
    -3.2726556905E+03
    -3.4379143038E+03
     3.2950184903E+03
     2.8931011329E+03
    -2.2713098429E+03
     1.5009066215E+03
     7.2508876075E+02
     1.5856867963E+02
     0.0000000000E+00
    -1.7057866914E+04
    -3.7258190512E+03
    -3.2242969091E+03
    -3.6076390407E+03
    -4.2026626830E+03
    -4.7013623043E+03
    -4.9374363643E+03
    -4.8386909540E+03
    -4.3910905579E+03
    -3.6306550877E+03
    -2.6399506284E+03
     1.5312034894E+03
     4.1929516871E+02
    -6.0046948441E+02
     1.4587860776E+03
     2.1038229485E+03
    -2.4874247745E+03
    -2.5581758321E+03
     2.2735055904E+03
     1.6447836936E+03
     8.3164014198E+02
     2.5213036794E+02
    -4.0079001820E+02
    -1.1957568044E+03
    -2.0477506972E+03
    -2.6074181529E+03
    -2.8296071497E+03
    -2.7525002255E+03
     2.4136108445E+03
     1.8510458720E+03
     1.1330694659E+03
     3.9456287409E+02
    -1.5329865124E+02
     2.9818177738E+02
    -1.6647949792E+04
     8.8337711531E+03
     6.7879189272E+03
     6.3479491970E+03
    -6.3410585385E+03
    -6.3795556496E+03
    -6.2704777495E+03
    -5.9178272884E+03
    -5.2985633775E+03
    -4.4502961630E+03
    -3.4504692242E+03
    -2.3864617005E+03
    -1.3299795712E+03
    -3.2840084790E+02
    -5.8557979169E+02
     1.3742307508E+03
    -1.9763578771E+03
    -2.3040116410E+03
     2.2739183748E+03
     1.8896217434E+03
     1.3456966971E+03
     1.0124478534E+03
     1.1300076588E+03
    -1.5441088504E+03
    -1.9482125699E+03
    -2.1625237071E+03
    -2.1317260202E+03
    -1.8531912224E+03
     1.3493300270E+03
     6.7712790596E+02
     4.6973390204E+01
     6.3911175311E+02
    -9.1557076267E+02
     1.5563776164E+04
     1.1801069963E+04
     9.4171866720E+03
     8.4471587377E+03
     8.0478498595E+03
     7.8115166072E+03
    -7.5188069696E+03
    -7.0661744794E+03
    -6.4352793044E+03
    -5.6618044331E+03
    -4.7978544063E+03
    -3.8800083002E+03
    -2.9168404138E+03
     1.8979162435E+03
     8.1634301770E+02
     3.0188584657E+02
     1.3648106166E+03
     2.1949398968E+03
     2.5813114306E+03
     2.4487637673E+03
     2.0021697587E+03
    -1.6019945075E+03
    -1.4566907727E+03
    -1.5057398889E+03
    -1.5735180430E+03
    -1.5206927660E+03
    -1.2763447381E+03
    -8.2327154048E+02
    -1.9232522957E+02
    -5.2828517207E+02
    -1.1904557279E+03
    -1.6334692146E+03
    -1.3894201360E+04
    -1.1946387483E+04
    -1.0256464617E+04
    -9.3466085364E+03
    -8.8762472298E+03
     8.5619292988E+03
     8.2403433831E+03
     7.8514055905E+03
    -7.4029701605E+03
    -6.9223512042E+03
    -6.4112800754E+03
    -5.8263198492E+03
     5.0908839311E+03
     4.1222376132E+03
     2.8546742044E+03
    -1.2654579217E+03
     5.5367499305E+02
     2.2493512289E+03
     3.2231150701E+03
     3.2082621465E+03
     2.6090407614E+03
     1.9633093679E+03
    -1.5235883479E+03
    -1.2700803721E+03
    -1.0674818871E+03
    -7.8705988439E+02
    -3.5402695047E+02
    -2.4462958099E+02
    -9.5890114102E+02
    -1.6794194368E+03
    -2.2697811563E+03
    -1.1936153601E+04
    -1.0661075669E+04
    -9.5750012897E+03
    -8.8968989205E+03
    -8.4727066764E+03
    -8.1535576030E+03
    -7.8796580390E+03
     7.6731774203E+03
     7.5898255116E+03
    -7.6517037920E+03
    -7.7919255637E+03
    -7.8487064516E+03
     7.6241322481E+03
     6.9565803796E+03
    -5.7269449766E+03
    -3.7880515981E+03
    -9.3365738386E+02
     2.4665926919E+03
     4.3186123024E+03
     4.0391714189E+03
     3.0605637045E+03
     2.1422491467E+03
     1.4619384377E+03
    -9.7015171399E+02
    -5.4150273842E+02
     5.9904438709E+01
    -5.3839662225E+02
    -1.2508132323E+03
    -2.0109668281E+03
    -2.7117363831E+03
    -9.8306443586E+03
    -8.7512195846E+03
    -7.8937426126E+03
    -7.2705437262E+03
    -6.7822449607E+03
    -6.3817762984E+03
    -6.1141004487E+03
    -6.0935097012E+03
    -6.4477493329E+03
    -7.2405385123E+03
    -8.3680710119E+03
    -9.4794184751E+03
     1.0114346351E+04
     1.0026103961E+04
    -9.2281658937E+03
    -7.7118913013E+03
    -4.7585962279E+03
    -3.3204758447E+03
    -5.8833182390E+03
     4.5870264964E+03
     3.2863289283E+03
     2.2230877485E+03
     1.3923365857E+03
     7.1881988451E+02
     9.6941384583E+01
    -5.6365144525E+02
    -1.3037215448E+03
    -2.1020806972E+03
    -2.8866535787E+03
    -7.5394001678E+03
    -6.4232021818E+03
    -5.5038938305E+03
    -4.7146358835E+03
    -4.0030413112E+03
    -3.4042047117E+03
    -3.0399781633E+03
     3.0857513453E+03
     3.7438522609E+03
    -5.2334862333E+03
    -7.6634595291E+03
    -1.0455865565E+04
     1.2232391813E+04
    -1.2536051589E+04
    -1.1905219482E+04
    -1.0810671509E+04
     9.3290027566E+03
     1.2678169717E+03
    -5.3181572424E+03
     4.4472763778E+03
     3.3477445584E+03
     2.3246693284E+03
     1.4232413317E+03
     6.0994760772E+02
    -1.7950240774E+02
    -9.9855845782E+02
    -1.8594592376E+03
    -2.7253646671E+03
    -4.9737128077E+03
    -3.7040479693E+03
    -2.5697258357E+03
    -1.5059687979E+03
    -5.2539461900E+02
     2.7137919478E+02
    -7.3763902915E+02
    -7.2508170901E+02
    -6.8063694894E+01
    -1.5765104929E+03
    -5.1320260019E+03
     1.0960684030E+04
     1.4046697842E+04
    -1.3863232509E+04
    -1.2483195832E+04
    -1.0312840912E+04
    -6.5428757816E+03
    -1.9793295600E+02
     3.6537440569E+03
     4.0868046511E+03
     3.4500516779E+03
     2.5584080148E+03
     1.6294955880E+03
     7.0463278244E+02
    -2.2969803067E+02
    -1.1866681101E+03
    -2.1505860965E+03
    -2.0896224068E+03
    -6.4045225596E+02
     7.1527499860E+02
     1.9749270738E+03
     3.0342653935E+03
    -3.7399133182E+03
    -3.9722656972E+03
    -3.6899230929E+03
    -2.8871492739E+03
     1.4139047347E+03
    -1.8165470291E+03
    -1.1517736094E+04
    -1.5030092160E+04
    -1.3675935449E+04
    -1.1398731874E+04
    -8.3530871549E+03
    -4.2735638770E+03
     2.6783598261E+02
     3.2294453202E+03
     4.0692037224E+03
     3.7553920556E+03
     2.9821115484E+03
     2.0376224712E+03
     1.0216905598E+03
    -3.3458874658E+01
    -1.1047170857E+03
     1.0687589309E+03
     2.6379409664E+03
     4.0670531289E+03
     5.2237907840E+03
    -5.9048129861E+03
    -5.9603305711E+03
    -5.3749467593E+03
    -4.2315068563E+03
    -2.5842961155E+03
     2.5561351938E+02
    -3.6126025197E+03
    -1.0004494546E+04
    -1.2953691495E+04
    -1.1790800855E+04
    -9.3131695769E+03
    -6.0991764839E+03
    -2.3581245762E+03
     1.2288890676E+03
     3.6103866070E+03
     4.4767109572E+03
     4.3042508264E+03
     3.5947746452E+03
    -2.6299996354E+03
    -1.5408440526E+03
     3.9319191351E+02
     4.3691174647E+03
     5.9253845510E+03
    -7.1444967861E+03
    -7.7541282704E+03
    -7.5582820572E+03
    -6.5755027225E+03
    -4.9934955274E+03
    -3.0190936589E+03
     7.6073835433E+02
    -1.8232246593E+03
    -4.8559044577E+03
     7.9545935675E+03
    -9.5143211544E+03
    -8.7955349872E+03
    -6.6131966444E+03
    -3.6511183761E+03
     3.8723655489E+02
    -2.5434851790E+03
     4.4797427189E+03
    -5.2265823360E+03
    -5.0641812881E+03
    -4.3588263641E+03
    -3.3620849353E+03
    -2.2165378720E+03
     7.6224600152E+03
    -8.9871743841E+03
    -9.6604897548E+03
    -9.3523000025E+03
    -8.0849240622E+03
    -6.1531812082E+03
    -3.9053099546E+03
     1.5988473743E+03
    -6.2275128617E+02
    -2.6926503374E+03
    -4.5350507433E+03
     5.9109592398E+03
    -6.3542670461E+03
    -5.5385892184E+03
    -3.6222892770E+03
    -1.0291832599E+03
     1.7456216945E+03
    -4.1393873800E+03
    -5.6766503246E+03
    -6.2256992583E+03
    -5.9808380116E+03
     5.2257550473E+03
     4.1825357554E+03
     1.0626097291E+04
    -1.1620757972E+04
    -1.1497483186E+04
    -1.0165331285E+04
    -7.9803475310E+03
     5.4368181270E+03
     2.9236294078E+03
     6.7946904955E+02
    -1.1703205797E+03
    -2.5685247796E+03
     3.4783827022E+03
     3.8315388670E+03
    -3.5071647817E+03
    -2.4070578872E+03
    -5.8871940410E+02
     1.6910078457E+03
     4.0258622867E+03
     5.9487180529E+03
     7.1017819391E+03
     7.4008269254E+03
     7.0057494110E+03
     6.1547010129E+03
     1.3197716674E+04
    -1.3696512063E+04
    -1.2709623660E+04
    -1.0493280616E+04
     7.6782079926E+03
     4.8318717783E+03
     2.3172538919E+03
     3.2704053283E+02
    -1.0620823276E+03
    -1.8464018960E+03
     2.0560950816E+03
     1.7202159707E+03
    -8.4980764347E+02
     5.3998531491E+02
     2.3687375986E+03
     4.4334992349E+03
     6.4061513435E+03
     7.9135611945E+03
     8.6917815927E+03
     8.7045280344E+03
     8.1079470277E+03
     1.5190556192E+04
    -1.5149504679E+04
    -1.3400146280E+04
     1.0540221554E+04
     7.3548992835E+03
     4.4166437834E+03
     2.0479781751E+03
     3.8972982948E+02
    -5.3816298176E+02
     7.8806973955E+02
     4.4365005585E+02
     4.1018504435E+02
     1.6992607492E+03
     3.3468185448E+03
     5.2357272768E+03
     7.1669740977E+03
     8.8549775989E+03
     9.9986178541E+03
     1.0412501629E+04
     1.0112797801E+04
     1.6490951484E+04
     1.5933044173E+04
     1.3599651363E+04
     1.0328020992E+04
     6.9702279038E+03
     4.0854586744E+03
     1.9568699321E+03
     6.7269179330E+02
    -1.9804810057E+02
    -4.3286897457E+02
     1.2543873745E+03
    -2.5424493788E+03
    -4.1861727377E+03
    -6.0706007330E+03
     8.0469119690E+03
     9.9030976372E+03
     1.1369392129E+04
     1.2191649195E+04
     1.2248912427E+04
     1.7004584876E+04
     1.5976432199E+04
     1.3230674765E+04
     9.7336962304E+03
     6.3603572401E+03
     3.6522652273E+03
     1.8501779317E+03
    -9.8775743840E+02
     9.7977052908E+02
     1.6875693373E+03
    -2.9598444267E+03
    -4.6525713136E+03
    -6.6307501741E+03
    -8.7528869945E+03
     1.0843345462E+04
     1.2670003926E+04
     1.3960928820E+04
     1.4488666769E+04
     1.6636570114E+04
     1.5167597924E+04
     1.2132729466E+04
     8.5549562446E+03
     5.3103031734E+03
     2.9095865920E+03
     1.5371300570E+03
     1.1670228166E+03
     1.6679887765E+03
    -2.8707078296E+03
    -4.6034224047E+03
    -6.7062232879E+03
    -9.0281719891E+03
    -1.1408347969E+04
     1.3646717541E+04
     1.5484455496E+04
     1.6631632242E+04
     1.5266696013E+04
    -1.3346130248E+04
    -1.0093590726E+04
    -6.5606004396E+03
     3.6028149937E+03
     1.6662482785E+03
     8.5343521276E+02
    -1.0723792649E+03
    -2.1501412590E+03
    -3.8937911466E+03
    -6.1183049136E+03
    -8.6553690406E+03
    -1.1345867472E+04
    -1.4015881385E+04
     1.6442181584E+04
     1.8330140251E+04
     1.2720108288E+04
    -1.0293206392E+04
    -6.8723619361E+03
    -3.5339278726E+03
    -1.0644314678E+03
    -2.1485659527E+02
     3.1217601761E+02
    -6.1180284462E+02
    -2.3484864624E+03
    -4.6881396393E+03
    -7.4397188756E+03
    -1.0435171365E+04
    -1.3517135950E+04
    -1.6507794152E+04
     1.9163557385E+04
     8.7481320022E+03
    -5.7479184926E+03
    -2.2631540049E+03
     6.4292032927E+02
     2.3604155253E+03
    -2.7622795158E+03
    -1.9799032260E+03
    -2.3466590446E+02
    -2.2369030152E+03
    -5.2142683332E+03
    -8.5079574762E+03
    -1.1961186496E+04
    -1.5432780217E+04
     1.8756820111E+04
     3.0973507562E+03
     4.2998604524E+02
     3.6962712938E+03
     5.8194972017E+03
     6.5024977341E+03
    -5.8309425990E+03
    -4.0362305355E+03
    -1.3857563545E+03
    -1.8600269827E+03
    -5.4727971947E+03
    -9.2724649005E+03
    -1.3127510228E+04
     1.6933483448E+04
    -4.1524977163E+03
     7.8391430931E+03
     1.0429431818E+04
     1.1453393722E+04
     1.0929596600E+04
     9.0862009678E+03
    -6.2211670028E+03
     2.6482702280E+03
    -1.3403821218E+03
    -5.5082998952E+03
    -9.6940276770E+03
     1.3808129951E+04
    -1.2116432693E+04
     1.5383477964E+04
     1.6996383737E+04
     1.6849420532E+04
     1.5115595545E+04
     1.2100715107E+04
    -8.1819465899E+03
    -3.7497834818E+03
     8.5657707168E+02
    -5.3969149471E+03
     9.7435354375E+03
    -1.9557579851E+04
     2.2146821138E+04
     2.2826887516E+04
     2.1594148082E+04
     1.8675390372E+04
     1.4489539117E+04
     9.5636910384E+03
     4.4076916180E+03
     5.9263943876E+02
     5.2188928637E+03
    -2.6031318060E+04
     2.8074849690E+04
     2.7945837685E+04
     2.5599120573E+04
    -2.1372366893E+04
    -1.5934372804E+04
    -1.0061286121E+04
    -4.3943093687E+03
     6.8381267845E+02
    -3.1891863869E+04
    -3.3582087220E+04
    -3.2573868209E+04
    -2.8799085621E+04
    -2.2927954114E+04
    -1.6107234890E+04
    -9.4282239607E+03
    -3.5783719402E+03
    -3.7674818522E+04
    -3.9060638610E+04
    -3.6741996649E+04
    -3.0840658813E+04
    -2.2842707855E+04
    -1.4636425690E+04
    -7.5135355108E+03
    -4.3792283582E+04
    -4.4646239426E+04
    -3.9982175670E+04
    -3.0833339901E+04
    -2.0380274653E+04
    -1.1232247630E+04
    -5.0424972358E+04
    -4.9962605838E+04
    -4.0865405749E+04
    -2.7254676049E+04
    -1.4881504903E+04
    -5.7384352092E+04
    -5.3462179984E+04
    -3.6330327600E+04
    -1.8517832776E+04
     6.3922017513E+04
     5.0234248181E+04
    -2.1984399895E+04
     6.8722361359E+04
     2.4827703859E+04
     7.0474168493E+04
