     0.0000000000E+00
    -1.7182170842E+04
    -1.7612939881E+04
    -1.8507383508E+04
     1.9769067529E+04
     2.1199066568E+04
     2.2623467126E+04
     2.3881076981E+04
     2.4790825709E+04
     2.5180064594E+04
     2.4931454247E+04
     2.4012124107E+04
     2.2472951376E+04
     2.0423047541E+04
    -1.7995263740E+04
    -1.5318506422E+04
     1.2504511179E+04
     9.6475081913E+03
    -6.8294001244E+03
    -4.1208696593E+03
    -1.5711149306E+03
     8.0143541223E+02
    -2.9350260412E+03
    -4.4881636760E+03
    -5.1274093958E+03
    -5.1917791551E+03
    -5.0564262618E+03
    -4.8059263228E+03
     4.4049417539E+03
     3.8013097319E+03
    -2.9709720255E+03
     1.9630219168E+03
     9.4705580927E+02
     2.0570547885E+02
     0.0000000000E+00
     1.0622799013E-12
    -1.6723407527E+04
    -1.7354689808E+04
    -1.8337496045E+04
    -1.9679991926E+04
    -2.1195277777E+04
    -2.2665101612E+04
    -2.3874495335E+04
    -2.4626744185E+04
    -2.4774489510E+04
    -2.4250091251E+04
     2.3074272844E+04
     2.1337451007E+04
     1.9164863773E+04
    -1.6683240259E+04
    -1.4001433320E+04
     1.1207403282E+04
     8.3762718611E+03
    -5.5800596210E+03
    -2.8888774883E+03
    -3.6649483657E+02
     1.8919026181E+03
    -3.6631904191E+03
    -4.7243257520E+03
    -5.1836293638E+03
    -5.3121692168E+03
    -5.2522709748E+03
    -5.0228721177E+03
     4.5933960197E+03
     3.9295886522E+03
     3.0334153371E+03
     1.9929857022E+03
     1.0167681613E+03
    -3.7068723805E+02
     3.1818896142E-13
     1.3945559740E+04
     1.5529796316E+04
     1.6870182955E+04
    -1.8502632918E+04
    -2.0250733209E+04
    -2.1843608713E+04
    -2.3040964481E+04
    -2.3665705302E+04
    -2.3623666221E+04
    -2.2912203824E+04
    -2.1606221844E+04
    -1.9824705486E+04
    -1.7693128558E+04
     1.5316674874E+04
    -1.2770921563E+04
     1.0109337292E+04
     7.3832406817E+03
    -4.6644704459E+03
    -2.0533959814E+03
     3.2975506445E+02
     2.3367134205E+03
     3.8128859772E+03
    -4.7310761881E+03
    -5.2187513143E+03
    -5.4142878244E+03
    -5.3855369764E+03
    -5.1412995494E+03
     4.6632983767E+03
     3.9395375291E+03
    -3.0060520427E+03
    -1.9886291358E+03
     1.0933526635E+03
     9.3368438957E-13
     9.5643350629E+03
     1.2455581980E+04
     1.4522270585E+04
     1.6599070389E+04
     1.8588542868E+04
    -2.0255614836E+04
    -2.1399026265E+04
    -2.1897828408E+04
    -2.1725111016E+04
    -2.0938749532E+04
    -1.9651949578E+04
    -1.7994936269E+04
     1.6081000150E+04
     1.3984686989E+04
    -1.1734644528E+04
    -9.3253185649E+03
    -6.7591015923E+03
    -4.1158632759E+03
    -1.5786379995E+03
     6.5387932985E+02
    -2.4585436917E+03
    -3.7907341802E+03
    -4.6762650868E+03
    -5.1897744676E+03
    -5.4046669280E+03
    -5.3619342937E+03
    -5.0709534839E+03
    -4.5287185477E+03
     3.7510053039E+03
     2.8093000077E+03
     1.8465662486E+03
     2.9228611370E-13
    -6.1399131902E+03
    -9.4528455572E+03
    -1.2047313320E+04
    -1.4405390252E+04
     1.6459355521E+04
     1.8044184892E+04
     1.9034104732E+04
    -1.9383590205E+04
    -1.9128242960E+04
    -1.8363248253E+04
    -1.7214616051E+04
     1.5812256397E+04
     1.4264496168E+04
     1.2630910812E+04
    -1.0890589327E+04
    -8.9145071120E+03
    -6.5277914267E+03
    -3.8028495999E+03
    -1.2020524382E+03
     9.1699401975E+02
     2.5348833460E+03
    -3.7266645288E+03
    -4.5421983338E+03
    -5.0206381530E+03
    -5.1980640486E+03
    -5.0986894565E+03
     4.7346509975E+03
     4.1218721776E+03
     3.3071783507E+03
     2.3901353640E+03
     1.2973042481E-12
    -4.2480487771E+03
    -7.3741788741E+03
    -1.0034312177E+04
    -1.2338474679E+04
    -1.4194636768E+04
    -1.5500356067E+04
     1.6214600837E+04
     1.6368177510E+04
    -1.6038856567E+04
    -1.5320334200E+04
    -1.4314341769E+04
     1.3143587690E+04
     1.1948418597E+04
    -1.0849938011E+04
    -9.8790724685E+03
    -8.7708302863E+03
    -6.6141194161E+03
    -3.2538252558E+03
    -4.6714679805E+02
     1.3637671481E+03
     2.6517495782E+03
     3.6054800296E+03
    -4.2689474830E+03
    -4.6429014487E+03
     4.7304985924E+03
     4.5414891476E+03
     4.0936284524E+03
     3.4252599268E+03
     2.6121413806E+03
    -1.1265895708E-13
    -3.3310101385E+03
    -6.1475078701E+03
    -8.5793580310E+03
    -1.0566024414E+04
    -1.2017332629E+04
    -1.2899105898E+04
    -1.3256984074E+04
    -1.3190956177E+04
    -1.2795675601E+04
    -1.2103802698E+04
    -1.1108607042E+04
     9.8936025314E+03
     8.6797393044E+03
    -7.7117983388E+03
    -7.2360668255E+03
    -7.6594303537E+03
     6.6631542699E+03
     9.4744607526E+02
     1.0291222935E+03
     2.0159602237E+03
     2.7627743698E+03
     3.3720342717E+03
     3.8072333321E+03
     4.0185280119E+03
     3.9786682753E+03
     3.6872269474E+03
     3.1712152265E+03
     2.4906429904E+03
    -5.2969318959E-13
    -2.8618278729E+03
    -5.3486065566E+03
    -7.3930657079E+03
    -8.8935902397E+03
    -9.8046059187E+03
    -1.0176010319E+04
     1.0145736481E+04
     9.8897079577E+03
    -9.5276953230E+03
    -8.9653420480E+03
    -7.8375301477E+03
     6.1147934857E+03
    -4.3302424250E+03
    -2.7429218461E+03
    -1.1929120066E+03
    -1.2844689809E+03
     7.8393174926E+03
    -3.7905444595E+03
     2.8365633005E+03
     2.6613385849E+03
     2.7793321592E+03
     2.9866247290E+03
     3.1438458074E+03
     3.1560818070E+03
     2.9745419828E+03
     2.5947985094E+03
     2.0536162309E+03
    -3.5303523749E-13
    -2.5046575029E+03
    -4.5638436209E+03
    -6.0466272781E+03
    -6.8750923059E+03
    -7.0771577442E+03
     6.7953701749E+03
     6.2552272895E+03
     5.7150744464E+03
    -5.4120458551E+03
    -5.3327868131E+03
     4.1957274735E+03
     1.5352232236E+03
     7.3576590628E+02
     2.6888289361E+03
     4.8305766451E+03
     7.4650447640E+03
     8.4661692109E+03
     6.0509016974E+03
     4.0787361393E+03
     3.0889897337E+03
     2.6436639862E+03
     2.4460268535E+03
     2.3082640681E+03
     2.1128741233E+03
     1.8018787594E+03
     1.3711455775E+03
    -3.3950279211E-13
    -2.0486667416E+03
    -3.4684603578E+03
    -4.1342852387E+03
    -4.0365185090E+03
     3.3037816380E+03
     2.1661396643E+03
     8.7513736362E+02
    -3.6751588450E+02
     1.4366711134E+03
     2.3112333765E+03
     3.5804261536E+03
     4.9519356786E+03
     6.1042198247E+03
     7.3409491688E+03
     8.6503745638E+03
     9.5770457905E+03
     8.9870072352E+03
     6.8381482565E+03
     4.7002751301E+03
     3.2427021627E+03
     2.3454172035E+03
     1.7784144786E+03
     1.3617522671E+03
     9.7845098401E+02
     5.7143489704E+02
    -1.6455308988E-13
    -1.3584504443E+03
    -1.8472866307E+03
    -1.4203028299E+03
     2.1415936928E+02
    -1.4881888631E+03
    -3.3813673980E+03
    -5.2619433554E+03
    -7.0814712574E+03
     8.9520216809E+03
     1.1088076450E+04
     1.2581605975E+04
     1.1617034734E+04
     1.1006867472E+04
     1.1034170350E+04
     1.1170950230E+04
     1.0822085658E+04
     9.4299094249E+03
     7.1786125495E+03
     4.9152315842E+03
     3.1490794968E+03
     1.9014411713E+03
    -1.0256148816E+03
    -3.7437904075E+02
    -1.5515997331E+02
     2.3826204505E-13
    -3.6503878209E+02
    -3.5342484388E+02
    -2.0004158061E+03
    -4.1967993942E+03
    -6.5193284595E+03
    -8.6900577060E+03
    -1.0622245693E+04
     1.2354385576E+04
     1.3955385182E+04
     1.5364311679E+04
    -1.6078899922E+04
     1.5598923902E+04
     1.4638115309E+04
     1.3805662614E+04
     1.2957570784E+04
    -1.1688872256E+04
    -9.7225707261E+03
     7.2593824099E+03
    -4.8409077216E+03
    -2.8433785146E+03
    -1.3335663717E+03
    -2.2331192447E+02
     6.0045752161E+02
    -1.4213028784E-12
    -9.1481751811E+02
    -2.9725755057E+03
    -5.6977391600E+03
    -8.5071251890E+03
    -1.1013677750E+04
    -1.3100953329E+04
     1.4809187177E+04
     1.6212865609E+04
     1.7346809210E+04
     1.8150712910E+04
    -1.8435215500E+04
     1.8020465254E+04
     1.7025475941E+04
     1.5728151307E+04
     1.4183786506E+04
     1.2239113521E+04
    -9.8107867861E+03
    -7.1072880796E+03
    -4.5239234865E+03
    -2.3481379812E+03
     6.5385043880E+02
    -6.1414086863E+02
    -2.4460321351E-12
    -2.3621425732E+03
    -5.6738960560E+03
    -9.1595387174E+03
    -1.2235862023E+04
     1.4711305494E+04
     1.6637406207E+04
     1.8122550940E+04
     1.9243037997E+04
     2.0020684629E+04
    -2.0421359499E+04
    -2.0362851803E+04
     1.9758279048E+04
     1.8599526861E+04
     1.6969003977E+04
     1.4928233042E+04
     1.2473638179E+04
     9.6605095049E+03
     6.7207255224E+03
     3.9800897424E+03
     1.6700113707E+03
    -1.4286462124E+02
     2.2244467199E-12
    -3.7835959576E+03
    -8.1004982282E+03
    -1.2053613741E+04
     1.5240304661E+04
     1.7675870638E+04
     1.9509139969E+04
     2.0863615556E+04
     2.1801056038E+04
     2.2331910365E+04
    -2.2432145383E+04
    -2.2056823655E+04
     2.1157817575E+04
     1.9712089595E+04
     1.7739214130E+04
     1.5283966884E+04
     1.2410704090E+04
     9.2612490375E+03
     6.0958383015E+03
     3.2100789850E+03
     8.0043686200E+02
     2.3564024700E-12
    -4.9904309324E+03
    -1.0024311868E+04
     1.4278099416E+04
     1.7570015771E+04
     2.0049230138E+04
     2.1897116931E+04
     2.3224526113E+04
     2.4072214280E+04
    -2.4437138686E+04
    -2.4295941941E+04
     2.3619893766E+04
     2.2384674378E+04
     2.0580529132E+04
     1.8222544861E+04
     1.5359136139E+04
     1.2093232356E+04
     8.6209965276E+03
     5.2295977821E+03
     2.2040833534E+03
    -2.1933610221E-11
     5.8760865214E+03
     1.1388890110E+04
     1.5884746859E+04
     1.9343749417E+04
     2.1970082996E+04
     2.3937580275E+04
     2.5331404053E+04
    -2.6167936626E+04
    -2.6428659526E+04
     2.6087303277E+04
    -2.5125445453E+04
    -2.3538296332E+04
    -2.1336515464E+04
     1.8551196884E+04
     1.5249936028E+04
     1.1570538159E+04
     7.7535931458E+03
     4.1155873452E+03
     2.1312291817E-11
     6.4387491638E+03
     1.2268575009E+04
     1.7003900658E+04
     2.0703281042E+04
     2.3568804324E+04
     2.5744269692E+04
    -2.7281962393E+04
     2.8171001691E+04
     2.8375777096E+04
    -2.7866049310E+04
    -2.6632392653E+04
    -2.4687970486E+04
    -2.2064271832E+04
     1.8812900460E+04
     1.5026449739E+04
     1.0881042325E+04
     6.6664411479E+03
     3.5660866879E-12
     6.7515964009E+03
     1.2806865657E+04
     1.7799621913E+04
     2.1799833917E+04
     2.4973826695E+04
     2.7423412293E+04
     2.9163081710E+04
     3.0151936771E+04
    -3.0336200827E+04
    -2.9681812062E+04
    -2.8188292298E+04
    -2.5885100039E+04
    -2.2821260091E+04
     1.9065492296E+04
     1.4734180344E+04
     1.0046290784E+04
    -2.8325535161E-11
    -6.9178771339E+03
    -1.3165733501E+04
    -1.8440194254E+04
     2.2782777105E+04
     2.6309806156E+04
     2.9075754493E+04
    -3.1053603231E+04
    -3.2170487619E+04
    -3.2354852922E+04
    -3.1570436706E+04
    -2.9826271569E+04
    -2.7165436617E+04
    -2.3647731858E+04
     1.9349465373E+04
     1.4403346735E+04
     3.4693943471E-12
    -7.0365054563E+03
    -1.3489125643E+04
    -1.9070676325E+04
    -2.3780727583E+04
     2.7684859620E+04
    -3.0787282190E+04
    -3.3016233147E+04
    -3.4267081903E+04
    -3.4454224081E+04
    -3.3543821318E+04
    -3.1556422484E+04
    -2.8545255280E+04
    -2.4570407519E+04
     1.9698868254E+04
     1.1789579484E-11
    -7.1793854308E+03
    -1.3871664844E+04
    -1.9782705470E+04
    -2.4877861012E+04
     2.9172587909E+04
     3.2614006984E+04
     3.5082806933E+04
    -3.6447499990E+04
    -3.6618507747E+04
    -3.5574573570E+04
    -3.3353078092E+04
    -3.0014436068E+04
     2.5605012059E+04
     2.1214878879E-12
    -7.3716224364E+03
    -1.4333642519E+04
    -2.0599934933E+04
    -2.6108520552E+04
     3.0807931593E+04
     3.4574486963E+04
     3.7242522841E+04
    -3.8667914747E+04
    -3.8777408856E+04
    -3.7580705394E+04
    -3.5142674611E+04
     3.1530687284E+04
    -1.8773439960E-11
    -7.5915690949E+03
    -1.4854299651E+04
    -2.1534228573E+04
    -2.7508617751E+04
    -3.2621654506E+04
     3.6667037167E+04
    -3.9445995211E+04
    -4.0831306139E+04
    -4.0799849914E+04
    -3.9419646604E+04
     3.6799330756E+04
    -1.4217005999E-12
    -7.8422881887E+03
    -1.5498227374E+04
    -2.2702374384E+04
    -2.9200127507E+04
    -3.4694938640E+04
     3.8901216934E+04
     4.1622097391E+04
     4.2798227162E+04
    -4.2504255436E+04
     4.0898827861E+04
    -4.2250942681E-12
    -8.2250269642E+03
    -1.6471293248E+04
    -2.4351856595E+04
    -3.1402074839E+04
    -3.7160383534E+04
    -4.1293502936E+04
    -4.3677347251E+04
     4.4397317427E+04
     4.3680335575E+04
    -3.4316402120E-12
    -8.8944375429E+03
    -1.8040337360E+04
    -2.6783900537E+04
     3.4354562050E+04
     4.0123529521E+04
     4.3800626444E+04
     4.5459578761E+04
     4.5425061707E+04
    -2.9489536318E-12
     1.0020670307E+04
     2.0507617439E+04
     3.0312360458E+04
     3.8231743581E+04
     4.3550724867E+04
     4.6230719296E+04
     4.6721221554E+04
    -6.4506146684E-12
     1.1839742221E+04
     2.4277156318E+04
     3.5248532630E+04
     4.3031841603E+04
     4.7154066713E+04
     4.8197622302E+04
     8.4304841860E-12
     1.4759486675E+04
     2.9929151514E+04
     4.1779457782E+04
     4.8377787659E+04
     5.0312490100E+04
    -9.5151917574E-12
     1.9550882103E+04
     3.8181917830E+04
     4.9565225989E+04
     5.3278279666E+04
     5.7006451827E-12
     2.7759131115E+04
     4.9322182098E+04
     5.7009935662E+04
    -8.2308768559E-12
    -4.2426465931E+04
     6.1002305027E+04
     1.0809107933E-11
    -6.4222758848E+04
     6.0167443118E-12
